# x_kpc y_kpc z_kpc flag luminosity_r_mag
0.000000000000000000e+00 0.000000000000000000e+00 0.000000000000000000e+00 1.000000000000000000e+00 -2.637340927124023438e+01
1.139578125000000000e+03 4.105078125000000000e+02 4.068906250000000000e+02 1.000000000000000000e+00 -2.385845756530761719e+01
8.617734375000000000e+02 1.206570312500000000e+03 4.052812500000000000e+02 1.000000000000000000e+00 -2.288199043273925781e+01
-1.613710937500000000e+02 -8.025625000000000000e+02 -1.776125000000000000e+03 1.000000000000000000e+00 -2.167789840698242188e+01
1.131671875000000000e+03 8.155703125000000000e+02 1.898593750000000000e+02 1.000000000000000000e+00 -2.166682624816894531e+01
6.740703125000000000e+02 -1.837273437500000000e+03 7.837656250000000000e+02 1.000000000000000000e+00 -2.160463905334472656e+01
-3.887460937500000000e+02 -1.215718750000000000e+03 8.222500000000000000e+02 1.000000000000000000e+00 -2.166254806518554688e+01
5.123281250000000000e+02 -2.285156250000000000e+01 3.082656250000000000e+02 1.000000000000000000e+00 -2.192143249511718750e+01
1.240156250000000000e+02 1.410812500000000000e+03 2.337656250000000000e+02 1.000000000000000000e+00 -2.116429519653320312e+01
-1.350269531250000000e+03 -1.207031250000000000e+02 3.554531250000000000e+02 1.000000000000000000e+00 -2.120960235595703125e+01
-5.178593750000000000e+02 -7.044531250000000000e+02 7.850000000000000000e+02 1.000000000000000000e+00 -2.183058166503906250e+01
1.110781250000000000e+02 5.327343750000000000e+01 4.307968750000000000e+02 1.000000000000000000e+00 -2.179366111755371094e+01
1.468671875000000000e+02 1.433421875000000000e+03 5.273437500000000000e+02 1.000000000000000000e+00 -2.152582931518554688e+01
1.881015625000000000e+02 7.739062500000000000e+01 -8.254687500000000000e+01 1.000000000000000000e+00 -2.157957267761230469e+01
2.657382812500000000e+02 2.141406250000000000e+02 1.657187500000000000e+02 1.000000000000000000e+00 -2.165841674804687500e+01
2.129570312500000000e+02 5.502812500000000000e+02 -1.490937500000000000e+02 1.000000000000000000e+00 -2.148951148986816406e+01
-6.053593750000000000e+02 6.809609375000000000e+02 5.882187500000000000e+02 1.000000000000000000e+00 -2.126287078857421875e+01
1.077210937500000000e+03 -4.070546875000000000e+02 -3.106875000000000000e+02 1.000000000000000000e+00 -2.081321525573730469e+01
1.931000000000000000e+03 -4.122031250000000000e+02 -1.165406250000000000e+03 1.000000000000000000e+00 -2.077830886840820312e+01
1.758140625000000000e+03 -3.851093750000000000e+02 -5.055781250000000000e+02 1.000000000000000000e+00 -2.123213195800781250e+01
5.119218750000000000e+02 -1.386773437500000000e+03 2.667968750000000000e+02 1.000000000000000000e+00 -2.127727508544921875e+01
-1.513046875000000000e+02 7.028125000000000000e+01 1.146406250000000000e+02 1.000000000000000000e+00 -2.153178787231445312e+01
-2.439375000000000000e+02 -1.492773437500000000e+03 2.271562500000000000e+02 1.000000000000000000e+00 -2.087560272216796875e+01
-7.224609375000000000e+01 -9.329140625000000000e+02 8.434375000000000000e+02 1.000000000000000000e+00 -2.130046272277832031e+01
2.216367187500000000e+02 9.955312500000000000e+02 -3.764531250000000000e+02 1.000000000000000000e+00 -2.117565536499023438e+01
3.547265625000000000e+02 4.162500000000000000e+02 3.885156250000000000e+02 1.000000000000000000e+00 -2.127781105041503906e+01
1.987187500000000000e+02 6.656640625000000000e+02 -1.649953125000000000e+03 1.000000000000000000e+00 -2.082580375671386719e+01
-9.796875000000000000e+00 -4.518906250000000000e+02 1.002953125000000000e+03 1.000000000000000000e+00 -2.065613174438476562e+01
4.790234375000000000e+01 3.983906250000000000e+02 -7.654687500000000000e+01 1.000000000000000000e+00 -2.111855316162109375e+01
7.376640625000000000e+02 9.675781250000000000e+02 6.843125000000000000e+02 1.000000000000000000e+00 -2.121742248535156250e+01
-2.925546875000000000e+02 -7.323906250000000000e+02 1.327343750000000000e+02 1.000000000000000000e+00 -2.069795227050781250e+01
-4.820781250000000000e+02 1.943117187500000000e+03 2.262812500000000000e+02 1.000000000000000000e+00 -2.096727371215820312e+01
-4.931445312500000000e+02 8.020625000000000000e+02 -2.503593750000000000e+02 1.000000000000000000e+00 -2.092265129089355469e+01
8.227734375000000000e+01 -2.532812500000000000e+01 -4.348750000000000000e+02 1.000000000000000000e+00 -2.100077056884765625e+01
-9.326406250000000000e+02 8.135468750000000000e+02 6.128906250000000000e+02 1.000000000000000000e+00 -2.081649589538574219e+01
2.348515625000000000e+02 8.120703125000000000e+02 -4.516718750000000000e+02 1.000000000000000000e+00 -2.109202194213867188e+01
-1.326992187500000000e+03 -1.479859375000000000e+03 -1.075078125000000000e+03 1.000000000000000000e+00 -2.049045372009277344e+01
1.401171875000000000e+01 -6.945937500000000000e+02 -2.340625000000000000e+01 1.000000000000000000e+00 -2.077210807800292969e+01
2.914492187500000000e+02 -6.266328125000000000e+02 8.467031250000000000e+02 1.000000000000000000e+00 -2.065884780883789062e+01
4.642578125000000000e+02 -2.154101562500000000e+03 -3.156093750000000000e+02 1.000000000000000000e+00 -2.070225334167480469e+01
1.281226562500000000e+03 6.964609375000000000e+02 -9.782968750000000000e+02 1.000000000000000000e+00 -2.039640235900878906e+01
-5.789375000000000000e+02 -1.193906250000000000e+02 -8.961093750000000000e+02 1.000000000000000000e+00 -2.066550636291503906e+01
5.126953125000000000e+01 1.411648437500000000e+03 1.117328125000000000e+03 1.000000000000000000e+00 -2.056804275512695312e+01
1.457515625000000000e+03 6.325390625000000000e+02 7.575156250000000000e+02 1.000000000000000000e+00 -2.098411750793457031e+01
-1.083203125000000000e+01 5.372656250000000000e+01 6.495468750000000000e+02 1.000000000000000000e+00 -2.079016113281250000e+01
3.918906250000000000e+02 4.710312500000000000e+02 1.557031250000000000e+02 1.000000000000000000e+00 -2.080139732360839844e+01
-1.665312500000000000e+02 5.826953125000000000e+02 2.072968750000000000e+02 1.000000000000000000e+00 -2.064804458618164062e+01
-1.992656250000000000e+02 7.449531250000000000e+02 -1.477031250000000000e+02 1.000000000000000000e+00 -2.060351562500000000e+01
2.604335937500000000e+02 5.082812500000000000e+01 -2.481250000000000000e+01 1.000000000000000000e+00 -2.092558097839355469e+01
1.657929687500000000e+02 4.898437500000000000e+01 6.373437500000000000e+01 1.000000000000000000e+00 -2.087930297851562500e+01
-1.204070312500000000e+03 8.378828125000000000e+02 -6.384375000000000000e+02 1.000000000000000000e+00 -2.080783843994140625e+01
2.294765625000000000e+02 1.037445312500000000e+03 1.074703125000000000e+03 1.000000000000000000e+00 -2.023947334289550781e+01
7.348046875000000000e+01 1.453281250000000000e+02 -7.740625000000000000e+01 1.000000000000000000e+00 -2.087562561035156250e+01
2.080742187500000000e+02 -5.678906250000000000e+02 1.483906250000000000e+02 1.000000000000000000e+00 -2.079364776611328125e+01
9.701953125000000000e+01 2.001562500000000000e+03 9.895625000000000000e+02 1.000000000000000000e+00 -2.038561630249023438e+01
2.269531250000000000e+01 1.517812500000000000e+02 -7.426562500000000000e+01 1.000000000000000000e+00 -2.076185226440429688e+01
1.167015625000000000e+03 1.783703125000000000e+03 -1.943906250000000000e+02 1.000000000000000000e+00 -2.040715026855468750e+01
-3.166289062500000000e+02 -1.060335937500000000e+03 -6.615781250000000000e+02 1.000000000000000000e+00 -2.051334381103515625e+01
-5.985156250000000000e+01 5.696562500000000000e+02 -4.433281250000000000e+02 1.000000000000000000e+00 -2.061313438415527344e+01
2.065968750000000000e+03 -7.768281250000000000e+02 5.268750000000000000e+01 1.000000000000000000e+00 -1.920541572570800781e+01
1.034804687500000000e+02 -9.833203125000000000e+02 -8.645781250000000000e+02 1.000000000000000000e+00 -1.994475555419921875e+01
9.488867187500000000e+02 1.436195312500000000e+03 4.706562500000000000e+02 1.000000000000000000e+00 -2.062201499938964844e+01
-3.582812500000000000e+01 -1.343289062500000000e+03 -7.561718750000000000e+02 1.000000000000000000e+00 -2.056017303466796875e+01
2.882382812500000000e+02 -1.049617187500000000e+03 -1.209000000000000000e+03 1.000000000000000000e+00 -2.024010086059570312e+01
9.472968750000000000e+02 -2.900468750000000000e+02 1.246218750000000000e+03 1.000000000000000000e+00 -2.028639984130859375e+01
-7.711210937500000000e+02 1.116093750000000000e+02 -4.645625000000000000e+02 1.000000000000000000e+00 -2.069870185852050781e+01
1.441406250000000000e+02 -1.168984375000000000e+02 -2.677656250000000000e+02 1.000000000000000000e+00 -2.060516357421875000e+01
1.417875000000000000e+03 -1.258093750000000000e+03 -1.103437500000000000e+02 1.000000000000000000e+00 -1.868424034118652344e+01
1.539789062500000000e+03 8.334375000000000000e+01 5.258437500000000000e+02 1.000000000000000000e+00 -2.032566070556640625e+01
-6.210937500000000000e+00 -1.500234375000000000e+02 -2.432031250000000000e+02 1.000000000000000000e+00 -2.061403656005859375e+01
-3.715000000000000000e+02 1.647007812500000000e+03 -1.777812500000000000e+02 1.000000000000000000e+00 -2.005182075500488281e+01
4.473476562500000000e+02 2.572187500000000000e+02 -2.148656250000000000e+03 1.000000000000000000e+00 -1.977045440673828125e+01
-6.672070312500000000e+02 1.402343750000000000e+02 -1.392656250000000000e+02 1.000000000000000000e+00 -2.037631607055664062e+01
-1.048523437500000000e+03 -3.375000000000000000e+02 -6.101093750000000000e+02 1.000000000000000000e+00 -2.000821685791015625e+01
4.956445312500000000e+02 5.777421875000000000e+02 1.183046875000000000e+03 1.000000000000000000e+00 -2.033175277709960938e+01
1.123109375000000000e+03 -9.197968750000000000e+02 -1.143500000000000000e+03 1.000000000000000000e+00 -1.968844604492187500e+01
1.113179687500000000e+03 -1.350000000000000000e+01 -2.695937500000000000e+02 1.000000000000000000e+00 -2.029770278930664062e+01
1.383554687500000000e+03 -1.922265625000000000e+02 1.033468750000000000e+03 1.000000000000000000e+00 -1.965545272827148438e+01
2.650156250000000000e+02 2.698437500000000000e+01 2.507343750000000000e+02 1.000000000000000000e+00 -2.048745727539062500e+01
-3.792617187500000000e+02 -4.294453125000000000e+02 2.668125000000000000e+02 1.000000000000000000e+00 -2.017544555664062500e+01
4.413906250000000000e+02 3.892265625000000000e+02 4.668906250000000000e+02 1.000000000000000000e+00 -2.025083541870117188e+01
4.724570312500000000e+02 -8.718750000000000000e+00 4.011093750000000000e+02 1.000000000000000000e+00 -2.044559288024902344e+01
1.108375000000000000e+03 2.341406250000000000e+02 1.842656250000000000e+02 1.000000000000000000e+00 -2.012018775939941406e+01
1.301601562500000000e+02 7.466328125000000000e+02 2.026562500000000000e+01 1.000000000000000000e+00 -2.034847831726074219e+01
-2.595312500000000000e+02 1.331250000000000000e+02 -4.908593750000000000e+02 1.000000000000000000e+00 -2.019128799438476562e+01
6.582070312500000000e+02 6.534296875000000000e+02 1.382796875000000000e+03 1.000000000000000000e+00 -2.010179328918457031e+01
4.170625000000000000e+02 4.870781250000000000e+02 1.271187500000000000e+03 1.000000000000000000e+00 -2.019650459289550781e+01
-1.575390625000000000e+01 4.301796875000000000e+02 1.245625000000000000e+02 1.000000000000000000e+00 -2.030269813537597656e+01
4.270703125000000000e+01 -2.808593750000000000e+01 1.287343750000000000e+02 1.000000000000000000e+00 -2.025862884521484375e+01
1.316570312500000000e+03 -8.184687500000000000e+02 1.377500000000000000e+03 1.000000000000000000e+00 -2.002874755859375000e+01
-3.053671875000000000e+02 1.495429687500000000e+03 1.689125000000000000e+03 1.000000000000000000e+00 -1.959596061706542969e+01
1.683593750000000000e+03 1.394843750000000000e+03 -9.536406250000000000e+02 1.000000000000000000e+00 -1.915333747863769531e+01
-3.139140625000000000e+02 -5.128515625000000000e+02 1.064062500000000000e+02 1.000000000000000000e+00 -2.000221824645996094e+01
-4.430039062500000000e+02 4.853515625000000000e+02 -4.250312500000000000e+02 1.000000000000000000e+00 -2.022327995300292969e+01
-2.828437500000000000e+02 4.227187500000000000e+02 -1.277187500000000000e+03 1.000000000000000000e+00 -1.980362129211425781e+01
1.854375000000000000e+02 -1.289679687500000000e+03 -1.144531250000000000e+03 1.000000000000000000e+00 -2.008852386474609375e+01
3.990039062500000000e+02 9.337500000000000000e+02 -2.875625000000000000e+02 1.000000000000000000e+00 -1.993741416931152344e+01
1.782328125000000000e+03 -4.813281250000000000e+02 -5.623437500000000000e+02 1.000000000000000000e+00 -2.008711624145507812e+01
-3.681484375000000000e+02 -1.190070312500000000e+03 1.936015625000000000e+03 1.000000000000000000e+00 -1.964303207397460938e+01
-1.598710937500000000e+02 4.436171875000000000e+02 -2.570625000000000000e+02 1.000000000000000000e+00 -2.013464927673339844e+01
2.525898437500000000e+02 -5.036093750000000000e+02 1.601562500000000000e+01 1.000000000000000000e+00 -2.019423484802246094e+01
5.419257812500000000e+02 2.989765625000000000e+02 6.439062500000000000e+01 1.000000000000000000e+00 -1.998618507385253906e+01
6.080156250000000000e+02 1.748750000000000000e+02 1.887328125000000000e+03 1.000000000000000000e+00 -1.941209220886230469e+01
-1.798085937500000000e+02 1.402500000000000000e+02 -6.249218750000000000e+02 1.000000000000000000e+00 -1.978544044494628906e+01
1.207398437500000000e+03 -1.538960937500000000e+03 -1.204765625000000000e+03 1.000000000000000000e+00 -1.926793479919433594e+01
3.818945312500000000e+02 6.278203125000000000e+02 4.525156250000000000e+02 1.000000000000000000e+00 -1.987112617492675781e+01
8.524609375000000000e+01 -1.188437500000000000e+03 4.504218750000000000e+02 1.000000000000000000e+00 -1.909976959228515625e+01
-9.787109375000000000e+01 -2.892734375000000000e+02 -8.255781250000000000e+02 1.000000000000000000e+00 -1.948170280456542969e+01
1.331898437500000000e+03 5.817265625000000000e+02 -1.879812500000000000e+03 1.000000000000000000e+00 -1.910050773620605469e+01
-2.771914062500000000e+02 1.446406250000000000e+02 -9.339062500000000000e+01 1.000000000000000000e+00 -1.990810966491699219e+01
3.577421875000000000e+02 1.732812500000000000e+03 -4.737656250000000000e+02 1.000000000000000000e+00 -1.948597526550292969e+01
-1.400109375000000000e+03 -1.559710937500000000e+03 8.046718750000000000e+02 1.000000000000000000e+00 -1.942000961303710938e+01
8.675507812500000000e+02 3.423125000000000000e+02 6.461875000000000000e+02 1.000000000000000000e+00 -1.991220474243164062e+01
-3.273945312500000000e+02 -1.263515625000000000e+02 4.775468750000000000e+02 1.000000000000000000e+00 -1.970869445800781250e+01
7.238085937500000000e+02 -1.557343750000000000e+03 1.263296875000000000e+03 1.000000000000000000e+00 -1.907673454284667969e+01
7.581992187500000000e+02 -1.632968750000000000e+02 6.668906250000000000e+02 1.000000000000000000e+00 -1.958464241027832031e+01
7.118125000000000000e+02 -6.036015625000000000e+02 9.341875000000000000e+02 1.000000000000000000e+00 -1.944098091125488281e+01
6.844687500000000000e+02 -3.266406250000000000e+01 1.551593750000000000e+03 1.000000000000000000e+00 -1.925641632080078125e+01
6.611875000000000000e+02 5.099687500000000000e+02 -1.737015625000000000e+03 1.000000000000000000e+00 -1.921603584289550781e+01
8.075898437500000000e+02 1.896031250000000000e+03 -1.191328125000000000e+03 1.000000000000000000e+00 -1.869408035278320312e+01
2.237109375000000000e+01 1.545078125000000000e+02 -5.870312500000000000e+01 1.000000000000000000e+00 -1.978711891174316406e+01
1.077523437500000000e+03 -3.247500000000000000e+02 -1.133375000000000000e+03 1.000000000000000000e+00 -1.933770751953125000e+01
1.455843750000000000e+03 1.222281250000000000e+03 -6.737031250000000000e+02 1.000000000000000000e+00 -1.894217300415039062e+01
2.394882812500000000e+02 6.749140625000000000e+02 9.491562500000000000e+02 1.000000000000000000e+00 -1.970113754272460938e+01
1.364132812500000000e+03 8.203515625000000000e+02 5.817656250000000000e+02 1.000000000000000000e+00 -1.882907485961914062e+01
-8.012382812500000000e+02 -1.014515625000000000e+03 8.339375000000000000e+02 1.000000000000000000e+00 -1.905189514160156250e+01
9.742304687500000000e+02 -1.481187500000000000e+03 1.122375000000000000e+03 1.000000000000000000e+00 -1.938557434082031250e+01
3.094921875000000000e+01 1.011835937500000000e+03 -3.089687500000000000e+02 1.000000000000000000e+00 -1.966670417785644531e+01
4.311210937500000000e+02 -1.090562500000000000e+03 -6.835937500000000000e+01 1.000000000000000000e+00 -1.893279838562011719e+01
1.158203125000000000e+01 -1.375539062500000000e+03 -1.941843750000000000e+03 1.000000000000000000e+00 -1.945429229736328125e+01
-1.199335937500000000e+03 1.314898437500000000e+03 1.314609375000000000e+03 1.000000000000000000e+00 -1.800903892517089844e+01
3.761562500000000000e+02 1.762523437500000000e+03 -1.047453125000000000e+03 1.000000000000000000e+00 -1.906925010681152344e+01
-3.102539062500000000e+02 8.464296875000000000e+02 -1.017234375000000000e+03 1.000000000000000000e+00 -1.954737091064453125e+01
7.752226562500000000e+02 -3.132812500000000000e+00 3.963593750000000000e+02 1.000000000000000000e+00 -1.855195236206054688e+01
4.676953125000000000e+01 9.828281250000000000e+02 -8.724687500000000000e+02 1.000000000000000000e+00 -1.954428672790527344e+01
-5.605273437500000000e+02 1.211484375000000000e+02 -1.426875000000000000e+02 1.000000000000000000e+00 -1.919921112060546875e+01
1.149757812500000000e+03 -3.199140625000000000e+02 -3.855000000000000000e+02 1.000000000000000000e+00 -1.900309181213378906e+01
-1.325359375000000000e+03 9.028125000000000000e+02 -1.564875000000000000e+03 1.000000000000000000e+00 -1.909704017639160156e+01
-1.006636718750000000e+03 1.400703125000000000e+02 -3.856562500000000000e+02 1.000000000000000000e+00 -1.929546546936035156e+01
6.073515625000000000e+02 -1.315132812500000000e+03 -7.086250000000000000e+02 1.000000000000000000e+00 -1.933517646789550781e+01
-9.070195312500000000e+02 -1.021328125000000000e+03 -8.045468750000000000e+02 1.000000000000000000e+00 -1.961085319519042969e+01
-4.241367187500000000e+02 -8.017109375000000000e+02 1.651562500000000000e+02 1.000000000000000000e+00 -1.941809272766113281e+01
-2.469648437500000000e+02 1.489218750000000000e+02 -1.272187500000000000e+02 1.000000000000000000e+00 -1.957794761657714844e+01
-1.833007812500000000e+02 -4.805468750000000000e+01 -4.122031250000000000e+02 1.000000000000000000e+00 -1.950971794128417969e+01
-1.490429687500000000e+02 5.553125000000000000e+01 -1.060468750000000000e+02 1.000000000000000000e+00 -1.947787094116210938e+01
1.819335937500000000e+02 -8.592187500000000000e+01 -1.514765625000000000e+03 1.000000000000000000e+00 -1.879274940490722656e+01
1.273867187500000000e+02 1.277773437500000000e+03 -7.932656250000000000e+02 1.000000000000000000e+00 -1.911341285705566406e+01
4.509531250000000000e+02 1.900078125000000000e+02 -4.410156250000000000e+02 1.000000000000000000e+00 -1.895877456665039062e+01
-3.860937500000000000e+02 -5.703984375000000000e+02 -1.565000000000000000e+03 1.000000000000000000e+00 -1.934793281555175781e+01
-1.248867187500000000e+03 -1.650773437500000000e+03 -1.099109375000000000e+03 1.000000000000000000e+00 -1.938145446777343750e+01
-1.525882812500000000e+03 -1.365570312500000000e+03 -1.238968750000000000e+03 1.000000000000000000e+00 -1.720472145080566406e+01
-2.778320312500000000e+02 -1.012804687500000000e+03 -1.989140625000000000e+03 1.000000000000000000e+00 -1.845002746582031250e+01
1.165421875000000000e+03 -1.297312500000000000e+03 1.003796875000000000e+03 1.000000000000000000e+00 -1.919961357116699219e+01
-1.350820312500000000e+02 -1.435937500000000000e+01 2.738281250000000000e+02 1.000000000000000000e+00 -1.947949981689453125e+01
9.602695312500000000e+02 6.335859375000000000e+02 7.464687500000000000e+02 1.000000000000000000e+00 -1.898224067687988281e+01
3.061367187500000000e+02 4.553828125000000000e+02 -2.717343750000000000e+02 1.000000000000000000e+00 -1.946179771423339844e+01
9.426875000000000000e+02 -1.396023437500000000e+03 -1.480671875000000000e+03 1.000000000000000000e+00 -1.854081726074218750e+01
2.104960937500000000e+02 1.534523437500000000e+03 -1.127656250000000000e+02 1.000000000000000000e+00 -1.917034530639648438e+01
-1.111523437500000000e+02 -1.792968750000000000e+01 -3.211250000000000000e+02 1.000000000000000000e+00 -1.942712783813476562e+01
7.999101562500000000e+02 9.923593750000000000e+02 -1.446171875000000000e+03 1.000000000000000000e+00 -1.861919975280761719e+01
1.748359375000000000e+02 -1.000265625000000000e+03 3.668750000000000000e+01 1.000000000000000000e+00 -1.854151344299316406e+01
-5.506132812500000000e+02 1.920882812500000000e+03 7.995312500000000000e+02 1.000000000000000000e+00 -1.734413337707519531e+01
-8.908203125000000000e+01 -3.213203125000000000e+02 -6.849843750000000000e+02 1.000000000000000000e+00 -1.939093017578125000e+01
3.770703125000000000e+01 7.274218750000000000e+01 8.914062500000000000e+01 1.000000000000000000e+00 -1.945885276794433594e+01
9.456367187500000000e+02 5.176093750000000000e+02 6.754687500000000000e+01 1.000000000000000000e+00 -1.940894889831542969e+01
2.063789062500000000e+02 -1.523898437500000000e+03 6.412500000000000000e+02 1.000000000000000000e+00 -1.801568794250488281e+01
8.171757812500000000e+02 -1.716562500000000000e+02 2.690625000000000000e+01 1.000000000000000000e+00 -1.916207885742187500e+01
-5.320390625000000000e+02 -1.120843750000000000e+03 -5.004687500000000000e+01 1.000000000000000000e+00 -1.814621162414550781e+01
-2.898281250000000000e+02 2.834062500000000000e+02 -6.113906250000000000e+02 1.000000000000000000e+00 -1.936464500427246094e+01
1.022945312500000000e+03 1.574414062500000000e+03 -1.861875000000000000e+02 1.000000000000000000e+00 -1.839595794677734375e+01
4.637968750000000000e+02 4.326093750000000000e+02 2.920937500000000000e+02 1.000000000000000000e+00 -1.907608795166015625e+01
3.100390625000000000e+01 8.809375000000000000e+01 -5.142343750000000000e+02 1.000000000000000000e+00 -1.931551551818847656e+01
1.158156250000000000e+03 -1.874781250000000000e+03 -9.108750000000000000e+02 1.000000000000000000e+00 -1.729602050781250000e+01
1.207421875000000000e+01 -2.496406250000000000e+02 2.858593750000000000e+02 1.000000000000000000e+00 -1.935385704040527344e+01
1.345554687500000000e+03 3.833281250000000000e+02 4.010625000000000000e+02 1.000000000000000000e+00 -1.930607414245605469e+01
1.399101562500000000e+03 -2.237265625000000000e+02 -1.655765625000000000e+03 1.000000000000000000e+00 -1.681045722961425781e+01
-1.018441406250000000e+03 3.585156250000000000e+02 8.712500000000000000e+01 1.000000000000000000e+00 -1.922532844543457031e+01
-1.067343750000000000e+02 -4.790468750000000000e+02 -9.440156250000000000e+02 1.000000000000000000e+00 -1.907798194885253906e+01
-1.003164062500000000e+02 -1.611015625000000000e+02 4.007343750000000000e+02 1.000000000000000000e+00 -1.833310508728027344e+01
2.103093750000000000e+03 -6.959843750000000000e+02 2.878906250000000000e+02 1.000000000000000000e+00 -1.856127548217773438e+01
5.570234375000000000e+02 1.217304687500000000e+03 3.839062500000000000e+01 1.000000000000000000e+00 -1.808048248291015625e+01
-1.847265625000000000e+01 3.955078125000000000e+02 8.855781250000000000e+02 1.000000000000000000e+00 -1.797575378417968750e+01
1.400781250000000000e+02 1.625250000000000000e+03 -2.659687500000000000e+02 1.000000000000000000e+00 -1.891933631896972656e+01
-2.980156250000000000e+02 1.212250000000000000e+03 -1.242015625000000000e+03 1.000000000000000000e+00 -1.829676628112792969e+01
2.092343750000000000e+03 1.068640625000000000e+03 5.515937500000000000e+02 1.000000000000000000e+00 -1.845855522155761719e+01
4.389843750000000000e+01 3.630937500000000000e+02 2.679375000000000000e+02 1.000000000000000000e+00 -1.910202407836914062e+01
1.382437500000000000e+03 2.335937500000000000e+01 4.798750000000000000e+02 1.000000000000000000e+00 -1.803184890747070312e+01
-6.326718750000000000e+02 -3.027265625000000000e+02 1.093828125000000000e+03 1.000000000000000000e+00 -1.845860099792480469e+01
4.639804687500000000e+02 -1.298125000000000000e+02 7.156250000000000000e+00 1.000000000000000000e+00 -1.909317779541015625e+01
-1.731968750000000000e+03 -4.293203125000000000e+02 3.242187500000000000e+02 1.000000000000000000e+00 -1.835689926147460938e+01
2.836015625000000000e+02 6.422343750000000000e+02 -1.937437500000000000e+03 1.000000000000000000e+00 -1.897296905517578125e+01
9.038164062500000000e+02 2.020492187500000000e+03 -4.765625000000000000e+02 1.000000000000000000e+00 -1.853098297119140625e+01
-7.816601562500000000e+02 -4.422031250000000000e+02 -7.180156250000000000e+02 1.000000000000000000e+00 -1.883772659301757812e+01
7.076562500000000000e+01 -2.813125000000000000e+02 -9.234375000000000000e+01 1.000000000000000000e+00 -1.905918693542480469e+01
1.348789062500000000e+03 6.525781250000000000e+01 8.896875000000000000e+02 1.000000000000000000e+00 -1.693668174743652344e+01
1.079867187500000000e+03 6.387265625000000000e+02 -1.273640625000000000e+03 1.000000000000000000e+00 -1.843858718872070312e+01
1.729843750000000000e+02 -4.039843750000000000e+01 9.370000000000000000e+02 1.000000000000000000e+00 -1.872858428955078125e+01
7.909765625000000000e+01 -2.472421875000000000e+02 -5.293906250000000000e+02 1.000000000000000000e+00 -1.881868934631347656e+01
2.434101562500000000e+02 5.769296875000000000e+02 2.350781250000000000e+02 1.000000000000000000e+00 -1.786303329467773438e+01
4.781289062500000000e+02 8.867187500000000000e+01 5.155156250000000000e+02 1.000000000000000000e+00 -1.908969879150390625e+01
-2.376914062500000000e+02 1.497429687500000000e+03 1.327578125000000000e+03 1.000000000000000000e+00 -1.757134056091308594e+01
-8.939414062500000000e+02 -6.200781250000000000e+02 -3.381718750000000000e+02 1.000000000000000000e+00 -1.877839851379394531e+01
9.341367187500000000e+02 6.599765625000000000e+02 1.533234375000000000e+03 1.000000000000000000e+00 -1.855393981933593750e+01
1.140898437500000000e+03 4.091718750000000000e+02 3.745312500000000000e+02 1.000000000000000000e+00 -1.906136131286621094e+01
-1.803085937500000000e+02 9.670781250000000000e+02 7.201562500000000000e+01 1.000000000000000000e+00 -1.847022056579589844e+01
1.355585937500000000e+03 -8.994375000000000000e+02 -3.695625000000000000e+02 1.000000000000000000e+00 -1.675889015197753906e+01
4.769648437500000000e+02 -3.755390625000000000e+02 1.324421875000000000e+03 1.000000000000000000e+00 -1.792842864990234375e+01
-4.239062500000000000e+02 6.393750000000000000e+02 -3.673593750000000000e+02 1.000000000000000000e+00 -1.749671936035156250e+01
-3.977812500000000000e+02 -1.145718750000000000e+03 -6.356250000000000000e+02 1.000000000000000000e+00 -1.800997352600097656e+01
1.178281250000000000e+02 -1.680757812500000000e+03 -8.975000000000000000e+01 1.000000000000000000e+00 -1.784063148498535156e+01
-1.323281250000000000e+03 -8.132968750000000000e+02 2.370312500000000000e+02 1.000000000000000000e+00 -1.888210296630859375e+01
-8.659570312500000000e+02 4.702734375000000000e+02 4.814218750000000000e+02 1.000000000000000000e+00 -1.675754547119140625e+01
3.921054687500000000e+02 7.919218750000000000e+02 9.009218750000000000e+02 1.000000000000000000e+00 -1.755421257019042969e+01
-9.777734375000000000e+01 8.119765625000000000e+02 8.884218750000000000e+02 1.000000000000000000e+00 -1.855069732666015625e+01
4.944140625000000000e+01 2.409453125000000000e+02 6.196406250000000000e+02 1.000000000000000000e+00 -1.883439064025878906e+01
-8.922226562500000000e+02 -4.220468750000000000e+02 8.911250000000000000e+02 1.000000000000000000e+00 -1.645703887939453125e+01
7.906484375000000000e+02 -3.781796875000000000e+02 2.937343750000000000e+02 1.000000000000000000e+00 -1.752781867980957031e+01
1.015148437500000000e+03 9.659375000000000000e+02 -9.940625000000000000e+01 1.000000000000000000e+00 -1.756483268737792969e+01
-1.039671875000000000e+03 -6.887031250000000000e+02 -1.442203125000000000e+03 1.000000000000000000e+00 -1.736578941345214844e+01
-1.415449218750000000e+03 -1.334187500000000000e+03 -4.053281250000000000e+02 1.000000000000000000e+00 -1.581595420837402344e+01
-7.209375000000000000e+01 -1.263039062500000000e+03 8.237656250000000000e+02 1.000000000000000000e+00 -1.859110450744628906e+01
5.408632812500000000e+02 6.673046875000000000e+02 6.725312500000000000e+02 1.000000000000000000e+00 -1.657081604003906250e+01
1.615351562500000000e+02 -1.628289062500000000e+03 -1.147093750000000000e+03 1.000000000000000000e+00 -1.816500091552734375e+01
1.127812500000000000e+03 -1.521992187500000000e+03 -1.181437500000000000e+03 1.000000000000000000e+00 -1.822856521606445312e+01
-1.972195312500000000e+03 6.936562500000000000e+02 -1.024359375000000000e+03 1.000000000000000000e+00 -1.809770965576171875e+01
8.954882812500000000e+02 4.275078125000000000e+02 1.196609375000000000e+03 1.000000000000000000e+00 -1.803345108032226562e+01
1.178937500000000000e+03 9.218906250000000000e+02 2.474218750000000000e+02 1.000000000000000000e+00 -1.878482055664062500e+01
8.846875000000000000e+02 -4.273437500000000000e+00 -8.990937500000000000e+02 1.000000000000000000e+00 -1.828362655639648438e+01
-6.795585937500000000e+02 4.715156250000000000e+02 4.602031250000000000e+02 1.000000000000000000e+00 -1.876817512512207031e+01
-1.444949218750000000e+03 -1.121015625000000000e+02 4.042187500000000000e+02 1.000000000000000000e+00 -1.892931365966796875e+01
7.962187500000000000e+02 -7.581171875000000000e+02 -8.324531250000000000e+02 1.000000000000000000e+00 -1.721172904968261719e+01
-2.148347656250000000e+03 5.071875000000000000e+02 -3.701562500000000000e+02 1.000000000000000000e+00 -1.606527519226074219e+01
-1.342039062500000000e+03 -2.669765625000000000e+02 -3.091406250000000000e+02 1.000000000000000000e+00 -1.879368019104003906e+01
-3.847773437500000000e+02 -2.231367187500000000e+03 -6.093281250000000000e+02 1.000000000000000000e+00 -1.534463787078857422e+01
1.454921875000000000e+02 3.800859375000000000e+02 -5.969843750000000000e+02 1.000000000000000000e+00 -1.830657386779785156e+01
3.784375000000000000e+02 1.436304687500000000e+03 7.159531250000000000e+02 1.000000000000000000e+00 -1.838150215148925781e+01
9.869570312500000000e+02 -1.545437500000000000e+03 -1.199390625000000000e+03 1.000000000000000000e+00 -1.756662940979003906e+01
-1.054867187500000000e+03 1.467812500000000000e+02 -6.458437500000000000e+02 1.000000000000000000e+00 -1.810081291198730469e+01
-4.000507812500000000e+02 -1.267421875000000000e+03 6.970000000000000000e+02 1.000000000000000000e+00 -1.783293342590332031e+01
-4.864101562500000000e+02 1.165804687500000000e+03 -1.885171875000000000e+03 1.000000000000000000e+00 -1.690508079528808594e+01
3.422070312500000000e+02 -1.294445312500000000e+03 -2.204843750000000000e+02 1.000000000000000000e+00 -1.670223426818847656e+01
-1.900789062500000000e+03 1.244531250000000000e+02 2.493281250000000000e+02 1.000000000000000000e+00 -1.679986381530761719e+01
-5.306328125000000000e+02 1.001398437500000000e+03 -1.612968750000000000e+03 1.000000000000000000e+00 -1.705024909973144531e+01
4.718398437500000000e+02 4.045859375000000000e+02 -1.345906250000000000e+03 1.000000000000000000e+00 -1.781090736389160156e+01
1.056500000000000000e+03 1.525210937500000000e+03 -1.034250000000000000e+03 1.000000000000000000e+00 -1.665925788879394531e+01
-1.816406250000000000e+01 6.114921875000000000e+02 3.888125000000000000e+02 1.000000000000000000e+00 -1.843073844909667969e+01
-9.434531250000000000e+02 -5.076406250000000000e+02 -1.077140625000000000e+03 1.000000000000000000e+00 -1.811510658264160156e+01
-4.667968750000000000e+00 -4.752421875000000000e+02 5.348906250000000000e+02 1.000000000000000000e+00 -1.852242279052734375e+01
-5.722187500000000000e+02 -1.543789062500000000e+03 -1.269062500000000000e+02 1.000000000000000000e+00 -1.834321975708007812e+01
-2.158593750000000000e+02 -3.316406250000000000e+01 -5.017031250000000000e+02 1.000000000000000000e+00 -1.869456481933593750e+01
-2.857617187500000000e+02 1.425000000000000000e+01 -2.892343750000000000e+02 1.000000000000000000e+00 -1.873612022399902344e+01
-6.091484375000000000e+02 -1.214523437500000000e+03 5.021093750000000000e+02 1.000000000000000000e+00 -1.799763679504394531e+01
-4.110468750000000000e+02 -7.267343750000000000e+02 -1.020421875000000000e+03 1.000000000000000000e+00 -1.764966011047363281e+01
2.463437500000000000e+02 1.117656250000000000e+03 6.223593750000000000e+02 1.000000000000000000e+00 -1.708394241333007812e+01
4.567929687500000000e+02 2.334710937500000000e+03 1.303750000000000000e+02 1.000000000000000000e+00 -1.828952789306640625e+01
1.926054687500000000e+02 -1.401968750000000000e+03 -1.689078125000000000e+03 1.000000000000000000e+00 -1.695613479614257812e+01
-5.971601562500000000e+02 1.443617187500000000e+03 -5.157968750000000000e+02 1.000000000000000000e+00 -1.615330886840820312e+01
-3.412773437500000000e+02 3.858437500000000000e+02 -1.437265625000000000e+03 1.000000000000000000e+00 -1.575372600555419922e+01
5.566171875000000000e+02 -1.759054687500000000e+03 1.606093750000000000e+02 1.000000000000000000e+00 -1.565141868591308594e+01
-1.676632812500000000e+03 -7.506171875000000000e+02 -6.250000000000000000e-02 1.000000000000000000e+00 -1.676574516296386719e+01
-3.377304687500000000e+02 2.221093750000000000e+01 -1.111484375000000000e+03 1.000000000000000000e+00 -1.836276626586914062e+01
-3.713007812500000000e+02 -1.089859375000000000e+03 -1.634687500000000000e+03 1.000000000000000000e+00 -1.511266517639160156e+01
-6.914062500000000000e+01 2.398992187500000000e+03 1.695468750000000000e+02 1.000000000000000000e+00 -1.835540199279785156e+01
4.997734375000000000e+02 1.847968750000000000e+03 -8.221875000000000000e+01 1.000000000000000000e+00 -1.622282028198242188e+01
-1.160054687500000000e+03 -7.044296875000000000e+02 -1.749796875000000000e+03 1.000000000000000000e+00 -1.794643020629882812e+01
-3.704609375000000000e+02 1.007351562500000000e+03 -5.765625000000000000e+01 1.000000000000000000e+00 -1.781805610656738281e+01
5.571875000000000000e+01 -1.637421875000000000e+02 7.919843750000000000e+02 1.000000000000000000e+00 -1.846055412292480469e+01
2.868320312500000000e+02 -8.108593750000000000e+01 5.406093750000000000e+02 1.000000000000000000e+00 -1.752628517150878906e+01
2.960351562500000000e+02 -1.218546875000000000e+03 -1.271859375000000000e+03 1.000000000000000000e+00 -1.718013572692871094e+01
-3.962890625000000000e+01 1.746679687500000000e+03 -1.125968750000000000e+03 1.000000000000000000e+00 -1.799583625793457031e+01
-3.244921875000000000e+01 -4.854921875000000000e+02 5.626406250000000000e+02 1.000000000000000000e+00 -1.851823043823242188e+01
7.109257812500000000e+02 6.738203125000000000e+02 1.151562500000000000e+01 1.000000000000000000e+00 -1.734636116027832031e+01
7.990273437500000000e+02 1.886250000000000000e+03 -2.192656250000000000e+02 1.000000000000000000e+00 -1.645721054077148438e+01
-9.503906250000000000e+00 -1.632523437500000000e+03 -4.231875000000000000e+02 1.000000000000000000e+00 -1.751262283325195312e+01
4.514648437500000000e+02 1.778984375000000000e+02 1.114218750000000000e+02 1.000000000000000000e+00 -1.832746696472167969e+01
1.191218750000000000e+03 5.905468750000000000e+02 -1.684187500000000000e+03 1.000000000000000000e+00 -1.750099182128906250e+01
3.923437500000000000e+02 1.402859375000000000e+03 8.950000000000000000e+01 1.000000000000000000e+00 -1.665064811706542969e+01
-5.147851562500000000e+02 1.555937500000000000e+02 -2.050890625000000000e+03 1.000000000000000000e+00 -1.678726196289062500e+01
1.141757812500000000e+02 8.654687500000000000e+02 -1.623046875000000000e+03 1.000000000000000000e+00 -1.673959159851074219e+01
-1.595312500000000000e+03 2.881093750000000000e+02 -3.142656250000000000e+02 1.000000000000000000e+00 -1.791373634338378906e+01
-3.955468750000000000e+01 -4.954531250000000000e+02 4.322031250000000000e+02 1.000000000000000000e+00 -1.827449417114257812e+01
1.730078125000000000e+02 -2.346679687500000000e+03 -4.147031250000000000e+02 1.000000000000000000e+00 -1.651395606994628906e+01
-7.426171875000000000e+01 6.850078125000000000e+02 1.985312500000000000e+02 1.000000000000000000e+00 -1.830404472351074219e+01
4.496484375000000000e+02 1.063664062500000000e+03 9.772343750000000000e+02 1.000000000000000000e+00 -1.711870193481445312e+01
-7.151093750000000000e+02 1.902148437500000000e+03 -8.312968750000000000e+02 1.000000000000000000e+00 -1.727884674072265625e+01
6.357460937500000000e+02 -1.051000000000000000e+03 1.855546875000000000e+03 1.000000000000000000e+00 -1.781534385681152344e+01
-1.169402343750000000e+03 -6.071640625000000000e+02 3.749687500000000000e+02 1.000000000000000000e+00 -1.722542953491210938e+01
-1.559808593750000000e+03 -7.110156250000000000e+01 1.084015625000000000e+03 1.000000000000000000e+00 -1.760903930664062500e+01
8.329101562500000000e+02 -2.264687500000000000e+02 4.281406250000000000e+02 1.000000000000000000e+00 -1.820804977416992188e+01
-1.861796875000000000e+02 1.496085937500000000e+03 9.795156250000000000e+02 1.000000000000000000e+00 -1.616558265686035156e+01
-1.022968750000000000e+03 -1.171242187500000000e+03 5.254531250000000000e+02 1.000000000000000000e+00 -1.651093482971191406e+01
-9.024218750000000000e+02 6.468828125000000000e+02 -1.254328125000000000e+03 1.000000000000000000e+00 -1.741080093383789062e+01
-1.962070312500000000e+03 3.923046875000000000e+02 -1.453750000000000000e+02 1.000000000000000000e+00 -1.729345512390136719e+01
1.597851562500000000e+02 -2.064898437500000000e+03 8.777187500000000000e+02 1.000000000000000000e+00 -1.772500801086425781e+01
1.759257812500000000e+02 -2.331250000000000000e+01 1.860625000000000000e+02 1.000000000000000000e+00 -1.827790069580078125e+01
4.807773437500000000e+02 -8.360937500000000000e+01 8.180312500000000000e+02 1.000000000000000000e+00 -1.787379837036132812e+01
1.725234375000000000e+02 2.472734375000000000e+02 -1.088593750000000000e+02 1.000000000000000000e+00 -1.829452133178710938e+01
-8.483281250000000000e+02 -1.198062500000000000e+03 1.877796875000000000e+03 1.000000000000000000e+00 -1.702375984191894531e+01
-6.536562500000000000e+02 3.120156250000000000e+02 5.823125000000000000e+02 1.000000000000000000e+00 -1.680595207214355469e+01
3.114101562500000000e+02 3.886328125000000000e+02 -2.333218750000000000e+03 1.000000000000000000e+00 -1.550327968597412109e+01
-3.691875000000000000e+02 2.745468750000000000e+02 2.192031250000000000e+02 1.000000000000000000e+00 -1.807051277160644531e+01
3.012382812500000000e+02 2.245937500000000000e+02 4.243125000000000000e+02 1.000000000000000000e+00 -1.825959205627441406e+01
-2.234765625000000000e+01 -1.582312500000000000e+03 9.518281250000000000e+02 1.000000000000000000e+00 -1.711380195617675781e+01
-8.334687500000000000e+02 2.083203125000000000e+02 -3.235156250000000000e+02 1.000000000000000000e+00 -1.792982864379882812e+01
-6.937460937500000000e+02 1.373046875000000000e+02 -1.007546875000000000e+03 1.000000000000000000e+00 -1.768245506286621094e+01
1.550851562500000000e+03 1.614148437500000000e+03 -3.854062500000000000e+02 1.000000000000000000e+00 -1.552335548400878906e+01
-1.290781250000000000e+02 2.325234375000000000e+02 -4.193125000000000000e+02 1.000000000000000000e+00 -1.845907020568847656e+01
-1.913515625000000000e+02 -5.724218750000000000e+01 1.272656250000000000e+02 1.000000000000000000e+00 -1.800165557861328125e+01
5.391562500000000000e+02 6.083281250000000000e+02 -1.618859375000000000e+03 1.000000000000000000e+00 -1.555358219146728516e+01
1.836898437500000000e+03 2.049062500000000000e+02 -5.965468750000000000e+02 1.000000000000000000e+00 -1.674003219604492188e+01
-2.919726562500000000e+02 2.693359375000000000e+02 -1.513593750000000000e+02 1.000000000000000000e+00 -1.766165161132812500e+01
-7.544921875000000000e+01 1.942968750000000000e+02 -4.476093750000000000e+02 1.000000000000000000e+00 -1.787587547302246094e+01
2.860820312500000000e+02 -4.287500000000000000e+01 -3.178125000000000000e+01 1.000000000000000000e+00 -1.815300369262695312e+01
1.245734375000000000e+03 1.287140625000000000e+03 1.444531250000000000e+02 1.000000000000000000e+00 -1.710195350646972656e+01
-5.076562500000000000e+01 -5.825781250000000000e+01 -1.858890625000000000e+03 1.000000000000000000e+00 -1.735529899597167969e+01
1.463562500000000000e+03 7.018671875000000000e+02 -1.730375000000000000e+03 1.000000000000000000e+00 -1.761858177185058594e+01
-1.428054687500000000e+03 5.114609375000000000e+02 -1.033421875000000000e+03 1.000000000000000000e+00 -1.745738220214843750e+01
6.853750000000000000e+02 4.354765625000000000e+02 6.096875000000000000e+01 1.000000000000000000e+00 -1.619446945190429688e+01
-1.225511718750000000e+03 -4.249375000000000000e+02 -1.529468750000000000e+03 1.000000000000000000e+00 -1.765841102600097656e+01
5.267929687500000000e+02 -3.810312500000000000e+02 5.446250000000000000e+02 1.000000000000000000e+00 -1.759890747070312500e+01
5.420351562500000000e+02 -1.730859375000000000e+02 1.117562500000000000e+03 1.000000000000000000e+00 -1.660103797912597656e+01
8.298671875000000000e+02 1.473078125000000000e+03 -4.696406250000000000e+02 1.000000000000000000e+00 -1.730773353576660156e+01
-2.100546875000000000e+02 1.475312500000000000e+02 3.083281250000000000e+02 1.000000000000000000e+00 -1.798865318298339844e+01
4.837773437500000000e+02 7.119765625000000000e+02 1.217687500000000000e+03 1.000000000000000000e+00 -1.540544128417968750e+01
-3.811640625000000000e+02 8.183046875000000000e+02 9.521875000000000000e+01 1.000000000000000000e+00 -1.766099548339843750e+01
8.549375000000000000e+02 -3.087265625000000000e+02 5.811093750000000000e+02 1.000000000000000000e+00 -1.769031143188476562e+01
-4.170039062500000000e+02 6.921328125000000000e+02 -7.743750000000000000e+02 1.000000000000000000e+00 -1.788835525512695312e+01
1.384335937500000000e+03 -8.570156250000000000e+02 -1.013281250000000000e+02 1.000000000000000000e+00 -1.749405288696289062e+01
-5.501757812500000000e+02 -5.395937500000000000e+02 6.356406250000000000e+02 1.000000000000000000e+00 -1.752492141723632812e+01
1.186390625000000000e+03 4.883593750000000000e+02 4.916093750000000000e+02 1.000000000000000000e+00 -1.805562019348144531e+01
1.146750000000000000e+03 1.851015625000000000e+03 -4.687812500000000000e+02 1.000000000000000000e+00 -1.683512115478515625e+01
-2.510976562500000000e+02 -5.038281250000000000e+01 -1.058640625000000000e+03 1.000000000000000000e+00 -1.798974990844726562e+01
4.120117187500000000e+02 8.090781250000000000e+02 7.572656250000000000e+02 1.000000000000000000e+00 -1.532311534881591797e+01
3.067890625000000000e+02 3.263359375000000000e+02 1.263500000000000000e+03 1.000000000000000000e+00 -1.568513202667236328e+01
-1.107300781250000000e+03 1.340101562500000000e+03 -1.322562500000000000e+03 1.000000000000000000e+00 -1.549382495880126953e+01
5.155742187500000000e+02 1.884757812500000000e+03 -4.354531250000000000e+02 1.000000000000000000e+00 -1.534763050079345703e+01
6.769218750000000000e+02 1.303070312500000000e+03 7.489375000000000000e+02 1.000000000000000000e+00 -1.794366455078125000e+01
-1.011250000000000000e+02 -1.428125000000000000e+02 -1.568593750000000000e+02 1.000000000000000000e+00 -1.805751991271972656e+01
-5.695312500000000000e+01 -8.791250000000000000e+02 -1.398906250000000000e+02 1.000000000000000000e+00 -1.748927688598632812e+01
-5.650312500000000000e+02 -1.429218750000000000e+02 1.250000000000000000e+02 1.000000000000000000e+00 -1.742769813537597656e+01
-7.117421875000000000e+02 -1.395132812500000000e+03 -4.668750000000000000e+02 1.000000000000000000e+00 -1.679006004333496094e+01
-3.702812500000000000e+02 1.686875000000000000e+02 -3.188281250000000000e+02 1.000000000000000000e+00 -1.570465183258056641e+01
1.708984375000000000e+01 -1.819531250000000000e+02 5.307343750000000000e+02 1.000000000000000000e+00 -1.791143608093261719e+01
6.710117187500000000e+02 4.737109375000000000e+02 6.202500000000000000e+02 1.000000000000000000e+00 -1.795026969909667969e+01
-1.235625000000000000e+02 2.343515625000000000e+02 -1.808125000000000000e+02 1.000000000000000000e+00 -1.787384986877441406e+01
5.356992187500000000e+02 7.410390625000000000e+02 6.921250000000000000e+02 1.000000000000000000e+00 -1.686263084411621094e+01
1.849882812500000000e+02 9.624296875000000000e+02 -2.609843750000000000e+02 1.000000000000000000e+00 -1.756303215026855469e+01
-1.541707031250000000e+03 3.090000000000000000e+02 -1.325781250000000000e+03 1.000000000000000000e+00 -1.664942359924316406e+01
-2.401757812500000000e+02 1.348437500000000000e+01 -1.233437500000000000e+02 1.000000000000000000e+00 -1.776843833923339844e+01
8.540000000000000000e+02 8.819687500000000000e+02 -1.494765625000000000e+03 1.000000000000000000e+00 -1.579142570495605469e+01
-4.511718750000000000e+00 -5.421093750000000000e+02 1.647656250000000000e+02 1.000000000000000000e+00 -1.759981536865234375e+01
7.639257812500000000e+02 3.734453125000000000e+02 2.207656250000000000e+02 1.000000000000000000e+00 -1.577415275573730469e+01
1.875632812500000000e+03 9.452890625000000000e+02 1.164062500000000000e+02 1.000000000000000000e+00 -1.507883071899414062e+01
1.647421875000000000e+03 -8.724765625000000000e+02 8.681406250000000000e+02 1.000000000000000000e+00 -1.664737701416015625e+01
1.679726562500000000e+02 4.628046875000000000e+02 6.221875000000000000e+01 1.000000000000000000e+00 -1.632617568969726562e+01
8.147695312500000000e+02 1.237835937500000000e+03 5.525000000000000000e+01 1.000000000000000000e+00 -1.572269916534423828e+01
2.552539062500000000e+02 7.729375000000000000e+02 4.290625000000000000e+01 1.000000000000000000e+00 -1.710216522216796875e+01
-3.060820312500000000e+02 -1.739609375000000000e+02 -8.248125000000000000e+02 1.000000000000000000e+00 -1.769695472717285156e+01
1.567343750000000000e+02 -2.419453125000000000e+02 6.435312500000000000e+02 1.000000000000000000e+00 -1.690430831909179688e+01
1.126546875000000000e+03 -1.410148437500000000e+03 1.428187500000000000e+03 1.000000000000000000e+00 -1.680411720275878906e+01
7.326093750000000000e+02 5.992343750000000000e+02 1.185906250000000000e+03 1.000000000000000000e+00 -1.640469169616699219e+01
1.152257812500000000e+03 1.263859375000000000e+03 1.297031250000000000e+02 1.000000000000000000e+00 -1.600128746032714844e+01
8.424609375000000000e+02 1.054460937500000000e+03 4.551406250000000000e+02 1.000000000000000000e+00 -1.768570518493652344e+01
9.974921875000000000e+02 1.280648437500000000e+03 5.687187500000000000e+02 1.000000000000000000e+00 -1.799322700500488281e+01
-5.226953125000000000e+02 -8.203125000000000000e-01 2.242468750000000000e+03 1.000000000000000000e+00 -1.690734100341796875e+01
-1.171378906250000000e+03 -2.882656250000000000e+02 -2.458593750000000000e+02 1.000000000000000000e+00 -1.508839797973632812e+01
-6.111054687500000000e+02 1.369437500000000000e+03 -1.008171875000000000e+03 1.000000000000000000e+00 -1.681490707397460938e+01
1.457695312500000000e+03 8.639921875000000000e+02 -1.310015625000000000e+03 1.000000000000000000e+00 -1.571353530883789062e+01
8.704101562500000000e+02 1.161984375000000000e+03 3.909375000000000000e+02 1.000000000000000000e+00 -1.772617149353027344e+01
-6.386953125000000000e+02 -6.257265625000000000e+02 5.424062500000000000e+02 1.000000000000000000e+00 -1.702521324157714844e+01
-4.705507812500000000e+02 2.148359375000000000e+03 -3.157187500000000000e+02 1.000000000000000000e+00 -1.580911827087402344e+01
1.160585937500000000e+03 6.198281250000000000e+02 4.703437500000000000e+02 1.000000000000000000e+00 -1.793245887756347656e+01
1.755039062500000000e+02 3.930078125000000000e+02 1.201562500000000000e+02 1.000000000000000000e+00 -1.545240402221679688e+01
1.399453125000000000e+03 7.988125000000000000e+02 -5.043750000000000000e+01 1.000000000000000000e+00 -1.572704219818115234e+01
-1.844812500000000000e+03 -7.883593750000000000e+01 -3.160937500000000000e+02 1.000000000000000000e+00 -1.580335426330566406e+01
-3.002695312500000000e+02 7.244843750000000000e+02 -8.541562500000000000e+02 1.000000000000000000e+00 -1.729343223571777344e+01
7.653906250000000000e+01 1.510546875000000000e+02 -4.746406250000000000e+02 1.000000000000000000e+00 -1.756364440917968750e+01
1.652617187500000000e+02 -8.362578125000000000e+02 -2.637500000000000000e+01 1.000000000000000000e+00 -1.567155742645263672e+01
-1.182226562500000000e+03 -3.786093750000000000e+02 4.981718750000000000e+02 1.000000000000000000e+00 -1.547553157806396484e+01
-1.504207031250000000e+03 -2.010390625000000000e+02 -1.792593750000000000e+03 1.000000000000000000e+00 -1.614042091369628906e+01
3.626562500000000000e+02 -1.537976562500000000e+03 1.265312500000000000e+02 1.000000000000000000e+00 -1.781329345703125000e+01
6.028593750000000000e+02 4.839062500000000000e+01 3.255000000000000000e+02 1.000000000000000000e+00 -1.742085647583007812e+01
1.155429687500000000e+03 6.112265625000000000e+02 7.988750000000000000e+02 1.000000000000000000e+00 -1.537183380126953125e+01
3.810507812500000000e+02 -7.464843750000000000e+01 6.350468750000000000e+02 1.000000000000000000e+00 -1.774254989624023438e+01
5.690117187500000000e+02 1.259062500000000000e+02 1.169218750000000000e+02 1.000000000000000000e+00 -1.741656494140625000e+01
2.017187500000000000e+03 7.856250000000000000e+01 1.943125000000000000e+02 1.000000000000000000e+00 -1.661362266540527344e+01
3.152187500000000000e+02 -1.628304687500000000e+03 5.337812500000000000e+02 1.000000000000000000e+00 -1.654785156250000000e+01
6.471484375000000000e+02 6.732656250000000000e+02 8.810468750000000000e+02 1.000000000000000000e+00 -1.710148811340332031e+01
8.846601562500000000e+02 2.798593750000000000e+02 7.528437500000000000e+02 1.000000000000000000e+00 -1.587337303161621094e+01
-1.643562500000000000e+03 -7.804375000000000000e+02 -5.173437500000000000e+01 1.000000000000000000e+00 -1.512345981597900391e+01
7.610429687500000000e+02 -3.184296875000000000e+02 -2.205671875000000000e+03 1.000000000000000000e+00 -1.662647628784179688e+01
7.705273437500000000e+02 7.168281250000000000e+02 -5.876562500000000000e+01 1.000000000000000000e+00 -1.647060203552246094e+01
1.489140625000000000e+02 -2.773281250000000000e+02 -5.124531250000000000e+02 1.000000000000000000e+00 -1.637255096435546875e+01
-9.070703125000000000e+01 -2.224218750000000000e+01 -9.301562500000000000e+01 1.000000000000000000e+00 -1.661907386779785156e+01
-1.575359375000000000e+03 -1.508328125000000000e+03 4.585000000000000000e+02 1.000000000000000000e+00 -1.650417900085449219e+01
-9.660273437500000000e+02 6.382031250000000000e+02 -2.835468750000000000e+02 1.000000000000000000e+00 -1.527868270874023438e+01
-1.373808593750000000e+03 3.674140625000000000e+02 -1.308437500000000000e+02 1.000000000000000000e+00 -1.636701011657714844e+01
-5.461562500000000000e+02 2.245468750000000000e+02 -8.478750000000000000e+02 1.000000000000000000e+00 -1.710033988952636719e+01
1.709492187500000000e+02 -2.459296875000000000e+02 2.535312500000000000e+02 1.000000000000000000e+00 -1.727461814880371094e+01
2.653398437500000000e+02 1.011570312500000000e+03 -1.775031250000000000e+03 1.000000000000000000e+00 -1.550521087646484375e+01
4.924609375000000000e+01 -9.914062500000000000e+00 1.068281250000000000e+02 1.000000000000000000e+00 -1.763673591613769531e+01
-3.250625000000000000e+02 -1.732890625000000000e+02 5.068750000000000000e+01 1.000000000000000000e+00 -1.736834144592285156e+01
1.287968750000000000e+03 6.144218750000000000e+02 -8.435625000000000000e+02 1.000000000000000000e+00 -1.678843879699707031e+01
-3.591171875000000000e+02 -2.334609375000000000e+02 8.225625000000000000e+02 1.000000000000000000e+00 -1.634643745422363281e+01
5.828046875000000000e+02 2.942187500000000000e+01 2.375156250000000000e+02 1.000000000000000000e+00 -1.632803535461425781e+01
-5.339179687500000000e+02 -9.930781250000000000e+02 -1.313500000000000000e+03 1.000000000000000000e+00 -1.639958381652832031e+01
-7.321328125000000000e+02 1.091523437500000000e+03 -8.836093750000000000e+02 1.000000000000000000e+00 -1.604934501647949219e+01
1.134828125000000000e+03 4.762109375000000000e+02 -4.981250000000000000e+02 1.000000000000000000e+00 -1.504319477081298828e+01
-2.537460937500000000e+02 -5.455390625000000000e+02 -8.256718750000000000e+02 1.000000000000000000e+00 -1.725521850585937500e+01
-1.371359375000000000e+03 -1.112734375000000000e+03 -1.500140625000000000e+03 1.000000000000000000e+00 -1.606294250488281250e+01
-1.132140625000000000e+03 -1.043992187500000000e+03 1.254296875000000000e+03 1.000000000000000000e+00 -1.709915733337402344e+01
-4.162890625000000000e+01 -3.881093750000000000e+02 4.787656250000000000e+02 1.000000000000000000e+00 -1.754563140869140625e+01
1.950625000000000000e+02 2.982812500000000000e+01 1.689062500000000000e+01 1.000000000000000000e+00 -1.741442489624023438e+01
4.633281250000000000e+02 -4.305468750000000000e+01 -6.353437500000000000e+02 1.000000000000000000e+00 -1.694685173034667969e+01
-5.982890625000000000e+02 3.294531250000000000e+02 4.668125000000000000e+02 1.000000000000000000e+00 -1.734108734130859375e+01
1.492882812500000000e+03 -1.331140625000000000e+03 1.687500000000000000e+01 1.000000000000000000e+00 -1.542914581298828125e+01
1.541835937500000000e+02 3.462187500000000000e+02 -2.336562500000000000e+02 1.000000000000000000e+00 -1.736992263793945312e+01
-1.125257812500000000e+03 1.080906250000000000e+03 1.487453125000000000e+03 1.000000000000000000e+00 -1.582722568511962891e+01
6.798398437500000000e+02 -6.482578125000000000e+02 2.071875000000000000e+01 1.000000000000000000e+00 -1.687069702148437500e+01
1.610117187500000000e+02 4.428437500000000000e+02 6.365937500000000000e+02 1.000000000000000000e+00 -1.576814746856689453e+01
1.112851562500000000e+02 1.314570312500000000e+03 -1.680843750000000000e+03 1.000000000000000000e+00 -1.664990043640136719e+01
3.523671875000000000e+02 -2.156250000000000000e+00 -6.640625000000000000e+00 1.000000000000000000e+00 -1.727191352844238281e+01
-2.609726562500000000e+02 -8.794531250000000000e+01 -5.319218750000000000e+02 1.000000000000000000e+00 -1.751421356201171875e+01
-1.419175781250000000e+03 -6.898437500000000000e+00 -1.947390625000000000e+03 1.000000000000000000e+00 -1.613938903808593750e+01
1.126070312500000000e+03 -7.254843750000000000e+02 2.952968750000000000e+02 1.000000000000000000e+00 -1.686826133728027344e+01
1.145156250000000000e+02 -3.228359375000000000e+02 -7.145312500000000000e+01 1.000000000000000000e+00 -1.744694328308105469e+01
2.402968750000000000e+02 -2.736718750000000000e+01 8.126718750000000000e+02 1.000000000000000000e+00 -1.638181495666503906e+01
4.115234375000000000e+02 -1.355523437500000000e+03 -1.139406250000000000e+03 1.000000000000000000e+00 -1.542313861846923828e+01
-2.363671875000000000e+02 2.350390625000000000e+02 -2.370468750000000000e+02 1.000000000000000000e+00 -1.586327934265136719e+01
-3.015234375000000000e+02 -7.450546875000000000e+02 -3.759375000000000000e+01 1.000000000000000000e+00 -1.716600990295410156e+01
4.935664062500000000e+02 -1.272539062500000000e+03 8.855000000000000000e+02 1.000000000000000000e+00 -1.687672424316406250e+01
2.352109375000000000e+02 -7.313984375000000000e+02 1.902062500000000000e+03 1.000000000000000000e+00 -1.589505767822265625e+01
5.977929687500000000e+02 -3.549140625000000000e+02 8.812187500000000000e+02 1.000000000000000000e+00 -1.689211845397949219e+01
-1.176085937500000000e+03 1.493828125000000000e+02 1.475156250000000000e+02 1.000000000000000000e+00 -1.688141059875488281e+01
1.320664062500000000e+03 6.580703125000000000e+02 6.192343750000000000e+02 1.000000000000000000e+00 -1.598843860626220703e+01
9.637500000000000000e+01 -9.550625000000000000e+02 9.188437500000000000e+02 1.000000000000000000e+00 -1.575897979736328125e+01
-1.039234375000000000e+03 1.014757812500000000e+03 5.550000000000000000e+02 1.000000000000000000e+00 -1.546365165710449219e+01
1.985914062500000000e+03 6.892734375000000000e+02 5.703906250000000000e+02 1.000000000000000000e+00 -1.515734672546386719e+01
1.103710937500000000e+02 -9.031406250000000000e+02 5.136875000000000000e+02 1.000000000000000000e+00 -1.738693618774414062e+01
-9.180468750000000000e+01 -1.709531250000000000e+02 -1.712187500000000000e+02 1.000000000000000000e+00 -1.727560806274414062e+01
-4.248828125000000000e+01 -8.776484375000000000e+02 -1.722750000000000000e+03 1.000000000000000000e+00 -1.592638397216796875e+01
1.327109375000000000e+02 -1.308437500000000000e+02 2.147968750000000000e+02 1.000000000000000000e+00 -1.739165878295898438e+01
-1.852812500000000000e+02 1.481484375000000000e+02 7.412187500000000000e+02 1.000000000000000000e+00 -1.723804283142089844e+01
1.772109375000000000e+02 1.612109375000000000e+02 -7.198125000000000000e+02 1.000000000000000000e+00 -1.612132835388183594e+01
-6.041601562500000000e+02 -8.349609375000000000e+02 -1.597484375000000000e+03 1.000000000000000000e+00 -1.594566631317138672e+01
-1.105390625000000000e+02 -7.190234375000000000e+02 2.085468750000000000e+02 1.000000000000000000e+00 -1.604771804809570312e+01
-4.677812500000000000e+02 2.201328125000000000e+02 4.209375000000000000e+02 1.000000000000000000e+00 -1.661945724487304688e+01
2.234375000000000000e+01 2.677812500000000000e+02 -4.294843750000000000e+02 1.000000000000000000e+00 -1.675491905212402344e+01
-2.351992187500000000e+02 -1.332031250000000000e+03 1.398296875000000000e+03 1.000000000000000000e+00 -1.526785373687744141e+01
-1.207421875000000000e+02 -1.044570312500000000e+03 3.354687500000000000e+01 1.000000000000000000e+00 -1.525310802459716797e+01
-4.498671875000000000e+02 6.510312500000000000e+02 3.917343750000000000e+02 1.000000000000000000e+00 -1.587158107757568359e+01
2.795390625000000000e+02 -5.657812500000000000e+02 3.800000000000000000e+02 1.000000000000000000e+00 -1.593250465393066406e+01
3.871914062500000000e+02 5.414062500000000000e+02 -4.030468750000000000e+02 1.000000000000000000e+00 -1.679992675781250000e+01
6.688359375000000000e+02 1.304382812500000000e+03 -8.246093750000000000e+02 1.000000000000000000e+00 -1.604821395874023438e+01
-4.759921875000000000e+02 7.069843750000000000e+02 8.983906250000000000e+02 1.000000000000000000e+00 -1.673903274536132812e+01
2.834804687500000000e+02 9.379609375000000000e+02 6.781250000000000000e+00 1.000000000000000000e+00 -1.549323081970214844e+01
2.575937500000000000e+02 -1.349390625000000000e+03 8.284687500000000000e+02 1.000000000000000000e+00 -1.688047981262207031e+01
1.049757812500000000e+03 5.608515625000000000e+02 4.755000000000000000e+02 1.000000000000000000e+00 -1.585717391967773438e+01
-2.301015625000000000e+02 -2.616640625000000000e+02 5.288437500000000000e+02 1.000000000000000000e+00 -1.715710830688476562e+01
-1.532492187500000000e+03 1.143109375000000000e+03 1.379312500000000000e+03 1.000000000000000000e+00 -1.513172245025634766e+01
3.566015625000000000e+02 4.156093750000000000e+02 3.569531250000000000e+02 1.000000000000000000e+00 -1.705643844604492188e+01
8.285937500000000000e+01 -1.331093750000000000e+02 1.169781250000000000e+03 1.000000000000000000e+00 -1.558235836029052734e+01
4.512929687500000000e+02 8.082421875000000000e+02 1.519609375000000000e+03 1.000000000000000000e+00 -1.684253120422363281e+01
-7.566445312500000000e+02 2.015156250000000000e+02 1.102812500000000000e+02 1.000000000000000000e+00 -1.507223796844482422e+01
9.685507812500000000e+02 1.947734375000000000e+03 -1.145468750000000000e+02 1.000000000000000000e+00 -1.528435134887695312e+01
-1.227859375000000000e+03 1.410546875000000000e+03 -6.045312500000000000e+02 1.000000000000000000e+00 -1.519995307922363281e+01
-1.057578125000000000e+02 -2.954375000000000000e+02 -3.045312500000000000e+02 1.000000000000000000e+00 -1.700834465026855469e+01
4.587968750000000000e+02 6.729531250000000000e+02 3.227968750000000000e+02 1.000000000000000000e+00 -1.572017383575439453e+01
-3.364882812500000000e+02 -4.837656250000000000e+02 4.493593750000000000e+02 1.000000000000000000e+00 -1.562176990509033203e+01
5.033359375000000000e+02 -8.332812500000000000e+01 1.628437500000000000e+03 1.000000000000000000e+00 -1.706212234497070312e+01
-1.969750000000000000e+03 -2.185156250000000000e+01 7.437500000000000000e+00 1.000000000000000000e+00 -1.630315780639648438e+01
-7.808945312500000000e+02 -4.724375000000000000e+02 -2.991093750000000000e+02 1.000000000000000000e+00 -1.694171524047851562e+01
-1.502812500000000000e+02 -1.332656250000000000e+02 -1.765625000000000000e+02 1.000000000000000000e+00 -1.699542427062988281e+01
9.289257812500000000e+02 3.680312500000000000e+02 -2.042640625000000000e+03 1.000000000000000000e+00 -1.575692462921142578e+01
-1.486664062500000000e+03 1.189296875000000000e+02 3.842500000000000000e+02 1.000000000000000000e+00 -1.609671020507812500e+01
3.348320312500000000e+02 7.511718750000000000e+02 -5.252031250000000000e+02 1.000000000000000000e+00 -1.616881752014160156e+01
1.140820312500000000e+02 -4.434843750000000000e+02 -1.431875000000000000e+02 1.000000000000000000e+00 -1.574977970123291016e+01
2.835546875000000000e+02 1.037109375000000000e+02 1.543906250000000000e+02 1.000000000000000000e+00 -1.656393432617187500e+01
-1.241835937500000000e+02 -2.072421875000000000e+02 -7.473437500000000000e+01 1.000000000000000000e+00 -1.714764785766601562e+01
-4.035078125000000000e+02 1.584296875000000000e+02 3.239531250000000000e+02 1.000000000000000000e+00 -1.675822257995605469e+01
5.768750000000000000e+02 -1.394593750000000000e+03 1.717171875000000000e+03 1.000000000000000000e+00 -1.607242012023925781e+01
-6.095820312500000000e+02 6.845000000000000000e+02 -1.485250000000000000e+03 1.000000000000000000e+00 -1.511434459686279297e+01
5.528867187500000000e+02 5.722578125000000000e+02 -1.767984375000000000e+03 1.000000000000000000e+00 -1.516470909118652344e+01
5.410625000000000000e+02 -3.148281250000000000e+02 1.851406250000000000e+02 1.000000000000000000e+00 -1.667506217956542969e+01
-2.166445312500000000e+02 -5.776640625000000000e+02 -8.170625000000000000e+02 1.000000000000000000e+00 -1.543652725219726562e+01
-5.239023437500000000e+02 -3.428437500000000000e+02 1.239078125000000000e+03 1.000000000000000000e+00 -1.657117462158203125e+01
1.423890625000000000e+03 8.703125000000000000e+02 -1.766375000000000000e+03 1.000000000000000000e+00 -1.579432678222656250e+01
8.592421875000000000e+02 -2.859687500000000000e+02 2.131406250000000000e+02 1.000000000000000000e+00 -1.575440597534179688e+01
1.262179687500000000e+03 3.746562500000000000e+02 2.788593750000000000e+02 1.000000000000000000e+00 -1.537788963317871094e+01
-7.189804687500000000e+02 -4.808281250000000000e+02 3.440000000000000000e+02 1.000000000000000000e+00 -1.552045631408691406e+01
2.651679687500000000e+02 -7.079765625000000000e+02 -5.475000000000000000e+01 1.000000000000000000e+00 -1.633417320251464844e+01
2.951835937500000000e+02 4.236406250000000000e+02 1.075046875000000000e+03 1.000000000000000000e+00 -1.591152477264404297e+01
1.028421875000000000e+03 1.565078125000000000e+03 2.133906250000000000e+02 1.000000000000000000e+00 -1.608968925476074219e+01
-1.741328125000000000e+02 -5.708828125000000000e+02 -1.676406250000000000e+02 1.000000000000000000e+00 -1.563851261138916016e+01
-2.908476562500000000e+02 -8.138437500000000000e+02 -1.739109375000000000e+03 1.000000000000000000e+00 -1.506466007232666016e+01
-2.101960937500000000e+03 2.452187500000000000e+02 -8.061250000000000000e+02 1.000000000000000000e+00 -1.504216480255126953e+01
1.216835937500000000e+02 -1.672421875000000000e+02 -1.495468750000000000e+02 1.000000000000000000e+00 -1.622616004943847656e+01
1.608515625000000000e+02 8.569062500000000000e+02 -5.206250000000000000e+02 1.000000000000000000e+00 -1.517819499969482422e+01
-8.788281250000000000e+01 2.460468750000000000e+02 -1.376718750000000000e+02 1.000000000000000000e+00 -1.706081008911132812e+01
1.294453125000000000e+02 2.892656250000000000e+02 1.602187500000000000e+02 1.000000000000000000e+00 -1.622817039489746094e+01
-2.274597656250000000e+03 -4.486718750000000000e+02 4.385468750000000000e+02 1.000000000000000000e+00 -1.513238906860351562e+01
4.380117187500000000e+02 1.780390625000000000e+02 -7.085937500000000000e+01 1.000000000000000000e+00 -1.610557937622070312e+01
6.220859375000000000e+02 6.878750000000000000e+02 -3.627500000000000000e+02 1.000000000000000000e+00 -1.592043972015380859e+01
-3.565625000000000000e+02 8.163828125000000000e+02 -1.858828125000000000e+03 1.000000000000000000e+00 -1.650542831420898438e+01
5.930156250000000000e+02 1.235289062500000000e+03 4.047968750000000000e+02 1.000000000000000000e+00 -1.572192668914794922e+01
5.151875000000000000e+02 1.608515625000000000e+02 7.287656250000000000e+02 1.000000000000000000e+00 -1.525923824310302734e+01
-1.174878906250000000e+03 -1.532812500000000000e+01 -5.764218750000000000e+02 1.000000000000000000e+00 -1.525269889831542969e+01
-5.683281250000000000e+02 -8.323281250000000000e+02 -2.348281250000000000e+02 1.000000000000000000e+00 -1.556294631958007812e+01
9.847656250000000000e+00 -3.386328125000000000e+02 -2.193750000000000000e+02 1.000000000000000000e+00 -1.607523918151855469e+01
-6.285820312500000000e+02 -2.563750000000000000e+02 -7.392656250000000000e+02 1.000000000000000000e+00 -1.605886459350585938e+01
1.324515625000000000e+03 1.430578125000000000e+03 3.588281250000000000e+02 1.000000000000000000e+00 -1.622029304504394531e+01
8.032070312500000000e+02 3.627500000000000000e+02 6.098750000000000000e+02 1.000000000000000000e+00 -1.597973728179931641e+01
-1.306996093750000000e+03 -1.070039062500000000e+03 1.117703125000000000e+03 1.000000000000000000e+00 -1.525006484985351562e+01
2.010156250000000000e+02 8.622812500000000000e+02 2.114671875000000000e+03 1.000000000000000000e+00 -1.582211017608642578e+01
1.179437500000000000e+03 4.012343750000000000e+02 4.929531250000000000e+02 1.000000000000000000e+00 -1.530906486511230469e+01
-7.971250000000000000e+02 -4.346875000000000000e+02 1.098109375000000000e+03 1.000000000000000000e+00 -1.586975383758544922e+01
-9.340429687500000000e+02 -1.153710937500000000e+03 -3.720312500000000000e+01 1.000000000000000000e+00 -1.522156047821044922e+01
-5.929062500000000000e+02 -6.788203125000000000e+02 3.824375000000000000e+02 1.000000000000000000e+00 -1.584472751617431641e+01
-1.608398437500000000e+02 -1.458875000000000000e+03 9.015312500000000000e+02 1.000000000000000000e+00 -1.570517349243164062e+01
8.193359375000000000e+01 -2.723828125000000000e+02 -1.245937500000000000e+02 1.000000000000000000e+00 -1.618201446533203125e+01
-3.054648437500000000e+02 5.607578125000000000e+02 5.003750000000000000e+02 1.000000000000000000e+00 -1.583836650848388672e+01
-2.601601562500000000e+02 -7.339609375000000000e+02 1.180562500000000000e+03 1.000000000000000000e+00 -1.606650161743164062e+01
-1.480546875000000000e+03 4.222656250000000000e+01 -1.445781250000000000e+02 1.000000000000000000e+00 -1.556046581268310547e+01
-1.466085937500000000e+03 -8.234375000000000000e+01 7.822500000000000000e+02 1.000000000000000000e+00 -1.514858055114746094e+01
-1.505597656250000000e+03 -2.764843750000000000e+01 4.522343750000000000e+02 1.000000000000000000e+00 -1.657357215881347656e+01
-4.182421875000000000e+01 7.219687500000000000e+02 1.180468750000000000e+03 1.000000000000000000e+00 -1.534691619873046875e+01
-1.405132812500000000e+03 -1.045187500000000000e+03 6.893437500000000000e+02 1.000000000000000000e+00 -1.611094284057617188e+01
1.280390625000000000e+03 -4.617265625000000000e+02 9.695312500000000000e+01 1.000000000000000000e+00 -1.578764533996582031e+01
3.864453125000000000e+01 -1.143515625000000000e+02 9.028125000000000000e+02 1.000000000000000000e+00 -1.601327133178710938e+01
3.742695312500000000e+02 -2.281640625000000000e+02 1.250328125000000000e+03 1.000000000000000000e+00 -1.520302391052246094e+01
-4.377265625000000000e+02 1.259710937500000000e+03 -1.651390625000000000e+03 1.000000000000000000e+00 -1.519093894958496094e+01
-1.902148437500000000e+02 -3.546875000000000000e+00 -2.566093750000000000e+02 1.000000000000000000e+00 -1.660003089904785156e+01
4.109804687500000000e+02 -2.060468750000000000e+02 4.951406250000000000e+02 1.000000000000000000e+00 -1.664035797119140625e+01
-5.420507812500000000e+02 1.441875000000000000e+02 -9.419843750000000000e+02 1.000000000000000000e+00 -1.605739974975585938e+01
1.988281250000000000e+02 -1.452953125000000000e+03 1.373312500000000000e+03 1.000000000000000000e+00 -1.596983623504638672e+01
-4.131835937500000000e+02 3.494453125000000000e+02 3.022812500000000000e+02 1.000000000000000000e+00 -1.574474334716796875e+01
-8.134648437500000000e+02 1.787968750000000000e+02 -5.038906250000000000e+02 1.000000000000000000e+00 -1.623027801513671875e+01
3.109765625000000000e+02 -2.473281250000000000e+02 4.555625000000000000e+02 1.000000000000000000e+00 -1.622389411926269531e+01
-4.080468750000000000e+01 -7.631328125000000000e+02 1.173437500000000000e+02 1.000000000000000000e+00 -1.505936431884765625e+01
-4.277734375000000000e+01 3.416875000000000000e+02 5.935937500000000000e+01 1.000000000000000000e+00 -1.669779968261718750e+01
-9.476562500000000000e+00 4.567031250000000000e+02 2.351875000000000000e+02 1.000000000000000000e+00 -1.631681823730468750e+01
-6.836250000000000000e+02 1.896171875000000000e+02 -7.003437500000000000e+02 1.000000000000000000e+00 -1.632844924926757812e+01
-1.815703125000000000e+02 3.636484375000000000e+02 1.728125000000000000e+01 1.000000000000000000e+00 -1.635994529724121094e+01
-8.029296875000000000e+01 -2.606250000000000000e+02 -2.254687500000000000e+02 1.000000000000000000e+00 -1.663997077941894531e+01
7.326171875000000000e+01 -2.878750000000000000e+02 -2.480937500000000000e+02 1.000000000000000000e+00 -1.533339118957519531e+01
-9.049492187500000000e+02 6.464843750000000000e+02 -2.473750000000000000e+02 1.000000000000000000e+00 -1.636021423339843750e+01
2.101484375000000000e+02 2.487890625000000000e+02 5.485937500000000000e+01 1.000000000000000000e+00 -1.616634559631347656e+01
-5.089062500000000000e+01 -9.014843750000000000e+01 -1.759687500000000000e+02 1.000000000000000000e+00 -1.655376625061035156e+01
-9.895195312500000000e+02 -1.159218750000000000e+03 9.129687500000000000e+01 1.000000000000000000e+00 -1.571183681488037109e+01
7.209414062500000000e+02 -2.580937500000000000e+02 1.781250000000000000e+02 1.000000000000000000e+00 -1.536430454254150391e+01
-6.993828125000000000e+02 3.485859375000000000e+02 -8.261250000000000000e+02 1.000000000000000000e+00 -1.523975467681884766e+01
1.368203125000000000e+02 -3.135312500000000000e+02 5.407968750000000000e+02 1.000000000000000000e+00 -1.556515789031982422e+01
-7.392304687500000000e+02 -1.582851562500000000e+03 3.181250000000000000e+01 1.000000000000000000e+00 -1.542512893676757812e+01
5.934921875000000000e+02 1.752171875000000000e+03 -5.690625000000000000e+02 1.000000000000000000e+00 -1.603269767761230469e+01
-8.111835937500000000e+02 2.447343750000000000e+02 -1.760328125000000000e+03 1.000000000000000000e+00 -1.504177951812744141e+01
-6.181679687500000000e+02 -3.280234375000000000e+02 6.670156250000000000e+02 1.000000000000000000e+00 -1.549556255340576172e+01
1.198671875000000000e+03 7.330859375000000000e+02 6.345625000000000000e+02 1.000000000000000000e+00 -1.620438003540039062e+01
-4.413789062500000000e+02 1.562375000000000000e+03 -2.174375000000000000e+02 1.000000000000000000e+00 -1.659951210021972656e+01
-4.738828125000000000e+02 -3.588125000000000000e+02 -1.076562500000000000e+01 1.000000000000000000e+00 -1.506235122680664062e+01
-1.312109375000000000e+01 -6.852343750000000000e+02 -1.599218750000000000e+03 1.000000000000000000e+00 -1.501463603973388672e+01
6.543945312500000000e+02 -9.391406250000000000e+01 4.042187500000000000e+02 1.000000000000000000e+00 -1.539088344573974609e+01
-1.442851562500000000e+02 -1.429203125000000000e+03 1.310140625000000000e+03 1.000000000000000000e+00 -1.636906623840332031e+01
1.003023437500000000e+03 -1.291992187500000000e+03 1.545234375000000000e+03 1.000000000000000000e+00 -1.520038032531738281e+01
-4.111328125000000000e+02 -5.932500000000000000e+02 1.298375000000000000e+03 1.000000000000000000e+00 -1.607753372192382812e+01
-8.548281250000000000e+02 -8.693750000000000000e+02 -8.364375000000000000e+02 1.000000000000000000e+00 -1.560594463348388672e+01
1.959453125000000000e+02 9.869531250000000000e+01 6.368750000000000000e+01 1.000000000000000000e+00 -1.573389530181884766e+01
-3.390625000000000000e+00 -1.822351562500000000e+03 -2.428125000000000000e+01 1.000000000000000000e+00 -1.574067687988281250e+01
5.693164062500000000e+02 -5.060390625000000000e+02 5.815000000000000000e+02 1.000000000000000000e+00 -1.577401447296142578e+01
9.553906250000000000e+01 -2.552734375000000000e+02 4.478125000000000000e+01 1.000000000000000000e+00 -1.555058574676513672e+01
1.045585937500000000e+02 1.080000000000000000e+02 3.401406250000000000e+02 1.000000000000000000e+00 -1.631213760375976562e+01
-3.565273437500000000e+02 -2.085468750000000000e+02 -3.757812500000000000e+02 1.000000000000000000e+00 -1.625589942932128906e+01
7.100781250000000000e+02 5.990546875000000000e+02 -5.057812500000000000e+01 1.000000000000000000e+00 -1.661428451538085938e+01
-7.461328125000000000e+01 6.953125000000000000e+01 -2.023125000000000000e+02 1.000000000000000000e+00 -1.621928977966308594e+01
1.118390625000000000e+03 8.309843750000000000e+02 6.823437500000000000e+01 1.000000000000000000e+00 -1.538108348846435547e+01
-1.924257812500000000e+02 1.728398437500000000e+03 -1.402718750000000000e+03 1.000000000000000000e+00 -1.528958797454833984e+01
1.449062500000000000e+02 -5.771875000000000000e+01 -4.371875000000000000e+02 1.000000000000000000e+00 -1.513316345214843750e+01
6.066406250000000000e+00 -1.154296875000000000e+02 -3.760937500000000000e+01 1.000000000000000000e+00 -1.533600902557373047e+01
-6.490937500000000000e+02 9.339843750000000000e+01 -5.750156250000000000e+02 1.000000000000000000e+00 -1.515281867980957031e+01
5.254101562500000000e+02 -2.032031250000000000e+02 -7.984375000000000000e+01 1.000000000000000000e+00 -1.594397640228271484e+01
-5.712382812500000000e+02 6.405859375000000000e+02 -2.356875000000000000e+02 1.000000000000000000e+00 -1.511298561096191406e+01
-1.014062500000000000e+01 -4.518750000000000000e+02 -2.878281250000000000e+02 1.000000000000000000e+00 -1.582680892944335938e+01
7.046406250000000000e+02 1.143093750000000000e+03 5.809062500000000000e+02 1.000000000000000000e+00 -1.531333827972412109e+01
-9.804687500000000000e-01 2.078828125000000000e+02 -1.843750000000000000e+00 1.000000000000000000e+00 -1.566256904602050781e+01
-3.228593750000000000e+02 8.442343750000000000e+02 -1.037187500000000000e+02 1.000000000000000000e+00 -1.618163681030273438e+01
-8.870703125000000000e+01 6.785859375000000000e+02 4.308593750000000000e+02 1.000000000000000000e+00 -1.568275356292724609e+01
1.420929687500000000e+03 5.910781250000000000e+02 4.512343750000000000e+02 1.000000000000000000e+00 -1.555430984497070312e+01
1.887851562500000000e+02 -1.082656250000000000e+02 2.074218750000000000e+02 1.000000000000000000e+00 -1.533118724822998047e+01
-3.411093750000000000e+02 -1.020625000000000000e+02 -9.015625000000000000e+02 1.000000000000000000e+00 -1.525412178039550781e+01
-1.508203125000000000e+02 -8.763281250000000000e+02 -1.715796875000000000e+03 1.000000000000000000e+00 -1.500846290588378906e+01
-1.557890625000000000e+02 1.174296875000000000e+02 -1.106562500000000000e+02 1.000000000000000000e+00 -1.504263591766357422e+01
-1.181523437500000000e+02 -1.150625000000000000e+02 -1.497187500000000000e+02 1.000000000000000000e+00 -1.597828865051269531e+01
-1.742187500000000000e+02 -9.805781250000000000e+02 8.413437500000000000e+02 1.000000000000000000e+00 -1.539133930206298828e+01
1.129140625000000000e+03 3.675078125000000000e+02 6.218750000000000000e+02 1.000000000000000000e+00 -1.589291191101074219e+01
3.807109375000000000e+02 1.490000000000000000e+02 7.936406250000000000e+02 1.000000000000000000e+00 -1.556908035278320312e+01
-2.743046875000000000e+02 -2.240937500000000000e+02 -3.730000000000000000e+02 1.000000000000000000e+00 -1.514596843719482422e+01
-9.342070312500000000e+02 4.551562500000000000e+02 -5.798281250000000000e+02 1.000000000000000000e+00 -1.520945739746093750e+01
-8.367187500000000000e+00 -6.679687500000000000e+00 -2.139375000000000000e+02 1.000000000000000000e+00 -1.521792507171630859e+01
-4.884375000000000000e+01 -1.778125000000000000e+01 -6.112500000000000000e+01 1.000000000000000000e+00 -1.502316665649414062e+01
