id 	,numSat 	,sumFlags 	,mass 	,centralMass 	,centralFlag 	,centralRband 	,firstSatMass 	,firstSatFlag 	,firstSatRband 
0 	,626 	,626 	,1.94e+15 	,1.17e+13 	,True 	,-2.7e+01 	,1.20e+12 	,True 	,-2.4e+01 
1 	,51 	,51 	,1.12e+14 	,5.30e+10 	,True 	,-2.1e+01 	,1.77e+11 	,True 	,-2.2e+01 
4356618 	,511 	,511 	,1.62e+15 	,1.12e+13 	,True 	,-2.7e+01 	,3.33e+11 	,True 	,-2.3e+01 
4356619 	,45 	,45 	,2.38e+14 	,1.83e+12 	,True 	,-2.5e+01 	,4.98e+11 	,True 	,-2.3e+01 
4356621 	,25 	,25 	,2.11e+14 	,5.02e+12 	,True 	,-2.6e+01 	,5.21e+10 	,True 	,-2.1e+01 
4356625 	,21 	,21 	,1.97e+14 	,4.72e+12 	,True 	,-2.6e+01 	,6.56e+10 	,True 	,-2.1e+01 
4461296 	,383 	,383 	,1.17e+15 	,8.61e+12 	,True 	,-2.6e+01 	,3.51e+11 	,True 	,-2.3e+01 
4461297 	,51 	,51 	,3.23e+14 	,4.26e+12 	,True 	,-2.6e+01 	,1.30e+11 	,True 	,-2.2e+01 
4461299 	,45 	,45 	,3.39e+14 	,2.52e+12 	,True 	,-2.5e+01 	,2.98e+11 	,True 	,-2.3e+01 
4461300 	,19 	,19 	,1.50e+14 	,2.67e+12 	,True 	,-2.5e+01 	,2.39e+11 	,True 	,-2.2e+01 
4461316 	,7 	,7 	,1.07e+14 	,3.18e+12 	,True 	,-2.6e+01 	,3.28e+09 	,True 	,-1.8e+01 
4461317 	,4 	,4 	,1.02e+14 	,6.78e+11 	,True 	,-2.4e+01 	,3.04e+10 	,True 	,-2.1e+01 
4561713 	,464 	,464 	,1.30e+15 	,6.54e+12 	,True 	,-2.6e+01 	,2.32e+12 	,True 	,-2.5e+01 
4656216 	,530 	,530 	,1.51e+15 	,1.05e+13 	,True 	,-2.7e+01 	,7.48e+11 	,True 	,-2.4e+01 
4753637 	,214 	,214 	,6.44e+14 	,6.20e+12 	,True 	,-2.6e+01 	,3.40e+11 	,True 	,-2.3e+01 
476245 	,537 	,537 	,1.43e+15 	,7.79e+12 	,True 	,-2.6e+01 	,3.37e+11 	,True 	,-2.4e+01 
4753638 	,22 	,22 	,1.39e+14 	,2.60e+12 	,True 	,-2.5e+01 	,1.71e+11 	,True 	,-2.2e+01 
4753639 	,16 	,16 	,1.17e+14 	,1.64e+12 	,True 	,-2.5e+01 	,3.89e+10 	,True 	,-2.1e+01 
476246 	,65 	,65 	,1.95e+14 	,1.98e+12 	,True 	,-2.5e+01 	,1.47e+11 	,True 	,-2.2e+01 
4753653 	,10 	,10 	,1.38e+14 	,1.94e+12 	,True 	,-2.5e+01 	,8.69e+09 	,True 	,-1.9e+01 
476247 	,86 	,86 	,9.65e+14 	,8.56e+12 	,True 	,-2.6e+01 	,7.61e+11 	,True 	,-2.4e+01 
4854863 	,432 	,432 	,1.35e+15 	,9.95e+12 	,True 	,-2.7e+01 	,1.05e+12 	,True 	,-2.4e+01 
4854864 	,45 	,45 	,1.66e+14 	,2.95e+12 	,True 	,-2.5e+01 	,1.01e+11 	,True 	,-2.2e+01 
476248 	,27 	,27 	,1.04e+14 	,1.51e+12 	,True 	,-2.5e+01 	,7.79e+10 	,True 	,-2.1e+01 
4854891 	,3 	,3 	,1.46e+14 	,5.38e+12 	,True 	,-2.6e+01 	,1.57e+11 	,True 	,-2.3e+01 
4959833 	,481 	,481 	,1.44e+15 	,8.70e+12 	,True 	,-2.7e+01 	,5.31e+11 	,True 	,-2.3e+01 
4959834 	,27 	,27 	,1.47e+14 	,2.17e+12 	,True 	,-2.5e+01 	,1.13e+11 	,True 	,-2.2e+01 
476250 	,33 	,33 	,5.24e+14 	,5.41e+12 	,True 	,-2.6e+01 	,4.73e+10 	,True 	,-2.1e+01 
5059214 	,417 	,417 	,1.23e+15 	,7.30e+12 	,True 	,-2.7e+01 	,9.24e+11 	,True 	,-2.4e+01 
5059215 	,29 	,29 	,1.25e+14 	,8.42e+11 	,True 	,-2.4e+01 	,5.79e+10 	,True 	,-2.1e+01 
5059217 	,13 	,13 	,1.57e+14 	,4.37e+12 	,True 	,-2.6e+01 	,2.31e+10 	,True 	,-2e+01 
5059224 	,7 	,7 	,1.53e+14 	,5.16e+12 	,True 	,-2.6e+01 	,5.63e+10 	,True 	,-2.1e+01 
5059225 	,7 	,7 	,1.50e+14 	,3.34e+12 	,True 	,-2.6e+01 	,6.65e+10 	,True 	,-2.2e+01 
5059238 	,6 	,6 	,4.54e+14 	,4.99e+12 	,True 	,-2.6e+01 	,2.67e+10 	,True 	,-2e+01 
5160063 	,524 	,524 	,1.41e+15 	,4.76e+12 	,True 	,-2.6e+01 	,4.44e+12 	,True 	,-2.6e+01 
5160064 	,26 	,26 	,6.02e+14 	,1.11e+13 	,True 	,-2.7e+01 	,1.30e+11 	,True 	,-2.2e+01 
5160065 	,21 	,21 	,1.50e+14 	,2.70e+12 	,True 	,-2.5e+01 	,1.07e+11 	,True 	,-2.2e+01 
5160131 	,1 	,1 	,1.44e+14 	,3.84e+12 	,True 	,-2.6e+01 	,8.19e+09 	,True 	,-1.9e+01 
5251697 	,244 	,244 	,7.18e+14 	,4.81e+12 	,True 	,-2.6e+01 	,6.74e+11 	,True 	,-2.4e+01 
5251698 	,75 	,75 	,1.94e+14 	,1.85e+12 	,True 	,-2.5e+01 	,4.52e+11 	,True 	,-2.4e+01 
5251706 	,16 	,16 	,1.18e+14 	,6.84e+11 	,True 	,-2.4e+01 	,8.62e+10 	,True 	,-2.2e+01 
5251747 	,3 	,3 	,4.68e+14 	,3.92e+12 	,True 	,-2.6e+01 	,2.18e+11 	,True 	,-2.3e+01 
5348819 	,390 	,390 	,1.03e+15 	,3.31e+12 	,True 	,-2.5e+01 	,2.10e+12 	,True 	,-2.5e+01 
5348822 	,28 	,28 	,4.03e+14 	,1.04e+13 	,True 	,-2.7e+01 	,5.05e+10 	,True 	,-2.1e+01 
5432141 	,467 	,467 	,1.25e+15 	,6.79e+12 	,True 	,-2.6e+01 	,8.22e+11 	,True 	,-2.4e+01 
5432142 	,38 	,38 	,1.36e+14 	,2.29e+12 	,True 	,-2.5e+01 	,1.42e+11 	,True 	,-2.2e+01 
5524229 	,432 	,432 	,1.30e+15 	,1.45e+13 	,True 	,-2.7e+01 	,5.87e+11 	,True 	,-2.3e+01 
5524230 	,33 	,33 	,1.21e+14 	,9.09e+11 	,True 	,-2.4e+01 	,2.93e+11 	,True 	,-2.3e+01 
5608717 	,462 	,462 	,1.27e+15 	,8.05e+12 	,True 	,-2.6e+01 	,9.44e+11 	,True 	,-2.4e+01 
5608718 	,28 	,28 	,2.60e+14 	,4.63e+12 	,True 	,-2.6e+01 	,1.00e+11 	,True 	,-2.2e+01 
5693289 	,547 	,547 	,1.47e+15 	,7.75e+12 	,True 	,-2.6e+01 	,1.68e+12 	,True 	,-2.5e+01 
5693291 	,22 	,22 	,1.20e+14 	,1.36e+12 	,True 	,-2.4e+01 	,1.17e+11 	,True 	,-2.2e+01 
5693297 	,17 	,17 	,1.63e+14 	,5.42e+12 	,True 	,-2.6e+01 	,6.49e+10 	,True 	,-2.1e+01 
5693300 	,7 	,7 	,1.38e+14 	,1.14e+12 	,True 	,-2.4e+01 	,5.70e+10 	,True 	,-2.1e+01 
5693323 	,3 	,3 	,2.26e+14 	,4.52e+10 	,True 	,-2.1e+01 	,8.83e+09 	,True 	,-1.9e+01 
5693339 	,4 	,4 	,6.94e+14 	,3.82e+12 	,True 	,-2.6e+01 	,5.03e+09 	,True 	,-1.9e+01 
5787144 	,146 	,146 	,4.67e+14 	,4.04e+12 	,True 	,-2.6e+01 	,3.26e+11 	,True 	,-2.3e+01 
5787145 	,28 	,28 	,2.24e+14 	,5.60e+12 	,True 	,-2.6e+01 	,3.12e+10 	,True 	,-2.1e+01 
5787160 	,2 	,2 	,2.45e+14 	,5.56e+12 	,True 	,-2.6e+01 	,4.20e+09 	,True 	,-1.8e+01 
5873398 	,542 	,542 	,1.45e+15 	,7.03e+12 	,True 	,-2.6e+01 	,1.76e+12 	,True 	,-2.5e+01 
5956970 	,502 	,502 	,1.43e+15 	,7.60e+12 	,True 	,-2.6e+01 	,1.38e+12 	,True 	,-2.4e+01 
5956971 	,44 	,44 	,1.32e+14 	,1.75e+12 	,True 	,-2.5e+01 	,2.48e+11 	,True 	,-2.3e+01 
5956972 	,26 	,26 	,1.32e+14 	,9.82e+11 	,True 	,-2.6e+01 	,1.31e+11 	,True 	,-2.2e+01 
5956977 	,7 	,7 	,1.18e+14 	,1.38e+12 	,True 	,-2.5e+01 	,6.99e+10 	,True 	,-2.1e+01 
6043040 	,527 	,527 	,1.46e+15 	,8.43e+12 	,True 	,-2.6e+01 	,4.37e+11 	,True 	,-2.3e+01 
6043043 	,16 	,16 	,1.25e+14 	,2.33e+12 	,True 	,-2.5e+01 	,4.02e+10 	,True 	,-2.1e+01 
6043056 	,3 	,3 	,1.02e+14 	,4.01e+12 	,True 	,-2.6e+01 	,1.65e+08 	,True 	,-1.5e+01 
6130348 	,188 	,188 	,6.33e+14 	,5.91e+12 	,True 	,-2.6e+01 	,2.81e+11 	,True 	,-2.3e+01 
6130349 	,46 	,46 	,1.38e+14 	,1.36e+12 	,True 	,-2.4e+01 	,2.10e+11 	,True 	,-2.2e+01 
6130350 	,31 	,31 	,2.25e+14 	,2.07e+12 	,True 	,-2.5e+01 	,3.97e+11 	,True 	,-2.3e+01 
6130354 	,18 	,18 	,3.04e+14 	,1.58e+12 	,True 	,-2.5e+01 	,1.41e+11 	,True 	,-2.2e+01 
6130358 	,5 	,5 	,1.01e+14 	,1.45e+12 	,True 	,-2.5e+01 	,3.27e+10 	,True 	,-2.1e+01 
6130361 	,8 	,8 	,1.94e+14 	,6.55e+12 	,True 	,-2.7e+01 	,4.60e+11 	,True 	,-2.4e+01 
6130364 	,10 	,10 	,1.19e+14 	,3.51e+12 	,True 	,-2.6e+01 	,1.65e+10 	,True 	,-2e+01 
6225917 	,524 	,524 	,1.46e+15 	,7.31e+12 	,True 	,-2.6e+01 	,8.14e+11 	,True 	,-2.4e+01 
6225918 	,49 	,49 	,9.16e+14 	,9.16e+12 	,True 	,-2.7e+01 	,3.54e+10 	,True 	,-2.2e+01 
6225919 	,31 	,31 	,2.71e+14 	,4.60e+12 	,True 	,-2.6e+01 	,8.52e+10 	,True 	,-2.2e+01 
6225922 	,27 	,27 	,2.02e+14 	,6.30e+12 	,True 	,-2.6e+01 	,4.73e+10 	,True 	,-2.1e+01 
6225924 	,9 	,9 	,1.19e+14 	,4.10e+12 	,True 	,-2.7e+01 	,2.13e+10 	,True 	,-2.2e+01 
6225926 	,11 	,11 	,1.42e+14 	,5.28e+12 	,True 	,-2.7e+01 	,6.52e+09 	,True 	,-1.9e+01 
6325415 	,522 	,522 	,1.37e+15 	,7.62e+12 	,True 	,-2.6e+01 	,1.36e+12 	,True 	,-2.5e+01 
6325416 	,44 	,44 	,2.31e+14 	,4.77e+12 	,True 	,-2.6e+01 	,2.25e+11 	,True 	,-2.2e+01 
692426 	,798 	,798 	,2.30e+15 	,1.19e+13 	,True 	,-2.7e+01 	,3.38e+12 	,True 	,-2.5e+01 
692427 	,111 	,111 	,3.69e+14 	,2.79e+12 	,True 	,-2.5e+01 	,4.08e+11 	,True 	,-2.3e+01 
6412656 	,416 	,416 	,1.25e+15 	,8.57e+12 	,True 	,-2.7e+01 	,1.58e+12 	,True 	,-2.5e+01 
692428 	,61 	,61 	,2.81e+14 	,2.86e+12 	,True 	,-2.5e+01 	,7.32e+11 	,True 	,-2.4e+01 
6412664 	,11 	,11 	,2.29e+14 	,6.34e+12 	,True 	,-2.7e+01 	,4.10e+10 	,True 	,-2.1e+01 
692429 	,36 	,36 	,1.22e+14 	,1.02e+12 	,True 	,-2.4e+01 	,1.66e+11 	,True 	,-2.2e+01 
6499612 	,341 	,341 	,1.05e+15 	,5.86e+12 	,True 	,-2.6e+01 	,1.12e+12 	,True 	,-2.4e+01 
6574070 	,473 	,473 	,1.23e+15 	,6.60e+12 	,True 	,-2.6e+01 	,9.02e+11 	,True 	,-2.4e+01 
6574080 	,17 	,17 	,1.24e+14 	,3.18e+12 	,True 	,-2.5e+01 	,1.21e+10 	,True 	,-2e+01 
6574125 	,1 	,1 	,1.17e+14 	,2.86e+12 	,True 	,-2.5e+01 	,5.63e+09 	,True 	,-1.9e+01 
16 	,19 	,19 	,1.97e+14 	,3.55e+12 	,True 	,-2.5e+01 	,4.81e+10 	,True 	,-2.1e+01 
6664769 	,553 	,553 	,1.44e+15 	,7.57e+12 	,True 	,-2.6e+01 	,1.94e+12 	,True 	,-2.5e+01 
6664770 	,62 	,62 	,4.01e+14 	,4.78e+12 	,True 	,-2.6e+01 	,7.66e+10 	,True 	,-2.1e+01 
6664771 	,33 	,33 	,1.35e+14 	,2.13e+12 	,True 	,-2.5e+01 	,1.97e+11 	,True 	,-2.2e+01 
6664777 	,16 	,16 	,3.57e+14 	,8.92e+12 	,True 	,-2.7e+01 	,1.25e+11 	,True 	,-2.2e+01 
6748564 	,455 	,455 	,1.38e+15 	,8.65e+12 	,True 	,-2.6e+01 	,5.90e+11 	,True 	,-2.4e+01 
6748570 	,15 	,15 	,1.63e+15 	,7.76e+12 	,True 	,-2.7e+01 	,3.44e+10 	,True 	,-2.1e+01 
6834499 	,406 	,406 	,1.11e+15 	,7.01e+12 	,True 	,-2.6e+01 	,1.23e+12 	,True 	,-2.4e+01 
6834500 	,57 	,57 	,1.74e+14 	,2.25e+12 	,True 	,-2.5e+01 	,6.31e+10 	,True 	,-2.1e+01 
6913365 	,390 	,390 	,1.10e+15 	,7.04e+12 	,True 	,-2.6e+01 	,1.23e+12 	,True 	,-2.4e+01 
6991026 	,436 	,436 	,1.17e+15 	,6.70e+12 	,True 	,-2.6e+01 	,6.46e+11 	,True 	,-2.4e+01 
6991037 	,6 	,6 	,1.16e+14 	,4.60e+12 	,True 	,-2.7e+01 	,1.89e+10 	,True 	,-2e+01 
7065334 	,426 	,426 	,1.26e+15 	,6.57e+12 	,True 	,-2.6e+01 	,9.72e+11 	,True 	,-2.4e+01 
7065337 	,16 	,16 	,2.58e+14 	,1.14e+12 	,True 	,-2.5e+01 	,3.40e+11 	,True 	,-2.3e+01 
7065340 	,14 	,14 	,1.33e+14 	,2.58e+12 	,True 	,-2.5e+01 	,4.07e+10 	,True 	,-2.1e+01 
7065435 	,2 	,2 	,3.00e+14 	,1.41e+12 	,True 	,-2.6e+01 	,8.96e+10 	,True 	,-2.2e+01 
7146294 	,353 	,353 	,1.03e+15 	,6.57e+12 	,True 	,-2.6e+01 	,3.07e+11 	,True 	,-2.3e+01 
7146299 	,20 	,20 	,1.63e+14 	,1.66e+12 	,True 	,-2.5e+01 	,2.13e+11 	,True 	,-2.3e+01 
7146301 	,13 	,13 	,1.18e+14 	,1.86e+12 	,True 	,-2.5e+01 	,3.86e+11 	,True 	,-2.3e+01 
7235867 	,355 	,355 	,9.77e+14 	,4.80e+12 	,True 	,-2.6e+01 	,7.28e+11 	,True 	,-2.4e+01 
7235868 	,38 	,38 	,4.39e+14 	,9.37e+12 	,True 	,-2.7e+01 	,1.11e+12 	,True 	,-2.5e+01 
692449 	,11 	,11 	,1.28e+14 	,2.35e+12 	,True 	,-2.5e+01 	,4.86e+10 	,True 	,-2.1e+01 
7325028 	,454 	,454 	,1.40e+15 	,9.14e+12 	,True 	,-2.7e+01 	,7.23e+11 	,True 	,-2.4e+01 
7325035 	,6 	,6 	,1.60e+14 	,3.82e+12 	,True 	,-2.6e+01 	,1.89e+10 	,True 	,-2e+01 
7403396 	,443 	,443 	,1.37e+15 	,6.80e+12 	,True 	,-2.6e+01 	,1.25e+12 	,True 	,-2.4e+01 
7403397 	,65 	,65 	,1.93e+14 	,1.97e+12 	,True 	,-2.5e+01 	,1.62e+11 	,True 	,-2.2e+01 
7403446 	,2 	,2 	,4.89e+14 	,7.01e+11 	,True 	,-2.4e+01 	,8.66e+09 	,True 	,-2e+01 
7474466 	,327 	,327 	,7.95e+14 	,4.20e+12 	,True 	,-2.6e+01 	,1.26e+12 	,True 	,-2.4e+01 
692470 	,5 	,5 	,5.04e+14 	,7.59e+11 	,True 	,-2.4e+01 	,4.27e+12 	,True 	,-2.6e+01 
7547375 	,225 	,225 	,7.38e+14 	,5.71e+12 	,True 	,-2.6e+01 	,1.11e+12 	,True 	,-2.4e+01 
7547376 	,19 	,19 	,2.45e+14 	,3.78e+12 	,True 	,-2.5e+01 	,5.15e+10 	,True 	,-2.1e+01 
7547389 	,5 	,5 	,1.66e+14 	,7.80e+12 	,True 	,-2.7e+01 	,8.17e+10 	,True 	,-2.1e+01 
7547430 	,3 	,3 	,1.97e+14 	,1.79e+12 	,True 	,-2.6e+01 	,1.72e+09 	,True 	,-1.8e+01 
7630798 	,356 	,356 	,9.02e+14 	,4.59e+12 	,True 	,-2.6e+01 	,1.15e+12 	,True 	,-2.5e+01 
7630830 	,5 	,5 	,3.18e+14 	,2.96e+12 	,True 	,-2.5e+01 	,2.46e+12 	,True 	,-2.5e+01 
7706133 	,485 	,485 	,1.34e+15 	,6.78e+12 	,True 	,-2.6e+01 	,2.34e+12 	,True 	,-2.5e+01 
7706134 	,28 	,28 	,2.25e+14 	,3.04e+12 	,True 	,-2.5e+01 	,7.20e+11 	,True 	,-2.4e+01 
7706135 	,26 	,26 	,2.03e+14 	,2.32e+12 	,True 	,-2.5e+01 	,1.43e+12 	,True 	,-2.4e+01 
7706144 	,5 	,5 	,1.33e+14 	,5.03e+12 	,True 	,-2.7e+01 	,5.76e+09 	,True 	,-1.9e+01 
7778424 	,305 	,305 	,8.12e+14 	,4.76e+12 	,True 	,-2.6e+01 	,2.56e+11 	,True 	,-2.3e+01 
7778425 	,119 	,119 	,3.32e+14 	,3.05e+12 	,True 	,-2.5e+01 	,1.67e+11 	,True 	,-2.2e+01 
7778426 	,35 	,35 	,1.13e+14 	,1.38e+10 	,True 	,-2e+01 	,5.74e+10 	,True 	,-2.2e+01 
7778427 	,47 	,47 	,2.34e+14 	,3.25e+12 	,True 	,-2.6e+01 	,7.26e+10 	,True 	,-2.1e+01 
7778489 	,2 	,2 	,1.98e+14 	,2.19e+12 	,True 	,-2.5e+01 	,3.65e+11 	,True 	,-2.4e+01 
7860333 	,397 	,397 	,1.04e+15 	,5.68e+12 	,True 	,-2.6e+01 	,5.92e+11 	,True 	,-2.4e+01 
7860337 	,12 	,12 	,1.20e+14 	,3.38e+12 	,True 	,-2.6e+01 	,1.45e+11 	,True 	,-2.2e+01 
7860338 	,9 	,9 	,1.21e+14 	,3.24e+12 	,True 	,-2.6e+01 	,3.21e+10 	,True 	,-2.1e+01 
692645 	,2 	,2 	,1.06e+14 	,1.28e+12 	,True 	,-2.5e+01 	,5.05e+08 	,True 	,-1.7e+01 
7860445 	,1 	,1 	,5.50e+14 	,6.41e+11 	,True 	,-2.4e+01 	,6.32e+08 	,True 	,-1.7e+01 
7935722 	,543 	,543 	,1.38e+15 	,6.85e+12 	,True 	,-2.6e+01 	,5.31e+11 	,True 	,-2.3e+01 
7935723 	,18 	,18 	,1.76e+14 	,1.36e+12 	,True 	,-2.5e+01 	,1.90e+11 	,True 	,-2.2e+01 
7935725 	,15 	,15 	,1.22e+14 	,3.06e+12 	,True 	,-2.5e+01 	,2.64e+11 	,True 	,-2.3e+01 
8012756 	,266 	,266 	,7.92e+14 	,6.19e+12 	,True 	,-2.6e+01 	,5.10e+11 	,True 	,-2.3e+01 
8012757 	,55 	,55 	,2.12e+14 	,2.58e+12 	,True 	,-2.5e+01 	,2.55e+11 	,True 	,-2.3e+01 
8012758 	,21 	,21 	,1.77e+14 	,5.71e+12 	,True 	,-2.6e+01 	,4.60e+10 	,True 	,-2.1e+01 
8012764 	,9 	,9 	,2.23e+14 	,5.10e+12 	,True 	,-2.6e+01 	,4.35e+10 	,True 	,-2.1e+01 
8094210 	,336 	,336 	,9.66e+14 	,7.18e+12 	,True 	,-2.6e+01 	,5.13e+11 	,True 	,-2.3e+01 
8094211 	,44 	,44 	,4.66e+14 	,3.15e+12 	,True 	,-2.5e+01 	,2.71e+11 	,True 	,-2.3e+01 
2 	,49 	,49 	,1.26e+14 	,8.72e+11 	,True 	,-2.4e+01 	,3.78e+11 	,True 	,-2.3e+01 
880597 	,315 	,315 	,8.76e+14 	,3.81e+12 	,True 	,-2.6e+01 	,1.82e+12 	,True 	,-2.5e+01 
8175593 	,369 	,369 	,1.01e+15 	,6.41e+12 	,True 	,-2.6e+01 	,1.25e+12 	,True 	,-2.4e+01 
8175601 	,4 	,4 	,1.13e+14 	,4.66e+12 	,True 	,-2.6e+01 	,4.98e+11 	,True 	,-2.4e+01 
880599 	,61 	,61 	,2.12e+14 	,1.98e+12 	,True 	,-2.5e+01 	,1.81e+11 	,True 	,-2.2e+01 
8241267 	,423 	,423 	,1.04e+15 	,4.97e+12 	,True 	,-2.6e+01 	,1.09e+12 	,True 	,-2.4e+01 
880600 	,61 	,61 	,2.80e+14 	,4.84e+12 	,True 	,-2.6e+01 	,1.47e+11 	,True 	,-2.2e+01 
8241294 	,5 	,5 	,1.05e+14 	,2.42e+12 	,True 	,-2.6e+01 	,5.45e+10 	,True 	,-2.1e+01 
8241295 	,2 	,2 	,1.77e+14 	,4.65e+12 	,True 	,-2.7e+01 	,7.23e+10 	,True 	,-2.1e+01 
880601 	,24 	,24 	,1.10e+14 	,1.29e+12 	,True 	,-2.4e+01 	,1.23e+11 	,True 	,-2.2e+01 
8311356 	,406 	,406 	,1.09e+15 	,7.11e+12 	,True 	,-2.6e+01 	,2.98e+11 	,True 	,-2.3e+01 
8311357 	,42 	,42 	,3.20e+14 	,5.98e+12 	,True 	,-2.6e+01 	,4.44e+10 	,True 	,-2.1e+01 
8311361 	,12 	,12 	,1.07e+14 	,3.22e+12 	,True 	,-2.5e+01 	,3.47e+10 	,True 	,-2e+01 
8311369 	,3 	,3 	,2.15e+14 	,2.26e+12 	,True 	,-2.6e+01 	,1.54e+09 	,True 	,-1.7e+01 
8384388 	,311 	,311 	,8.57e+14 	,5.12e+12 	,True 	,-2.6e+01 	,8.81e+11 	,True 	,-2.4e+01 
8384389 	,40 	,40 	,1.73e+14 	,1.36e+12 	,True 	,-2.5e+01 	,2.27e+10 	,True 	,-2e+01 
8460952 	,441 	,441 	,1.17e+15 	,4.69e+12 	,True 	,-2.6e+01 	,7.71e+11 	,True 	,-2.4e+01 
8460953 	,38 	,38 	,2.76e+14 	,5.04e+12 	,True 	,-2.6e+01 	,2.85e+11 	,True 	,-2.3e+01 
8460955 	,14 	,14 	,4.22e+14 	,3.36e+12 	,True 	,-2.6e+01 	,3.94e+10 	,True 	,-2.1e+01 
8460960 	,17 	,17 	,2.09e+14 	,3.90e+12 	,True 	,-2.6e+01 	,8.92e+10 	,True 	,-2.1e+01 
8560074 	,432 	,432 	,1.09e+15 	,4.76e+12 	,True 	,-2.6e+01 	,7.10e+11 	,True 	,-2.4e+01 
8560075 	,17 	,17 	,1.33e+14 	,2.71e+12 	,True 	,-2.5e+01 	,5.58e+10 	,True 	,-2.1e+01 
8560077 	,4 	,4 	,1.24e+14 	,1.35e+12 	,True 	,-2.4e+01 	,3.07e+12 	,True 	,-2.5e+01 
8560079 	,17 	,17 	,1.47e+14 	,3.58e+12 	,True 	,-2.6e+01 	,3.96e+10 	,True 	,-2.1e+01 
8560083 	,6 	,6 	,2.31e+14 	,4.94e+12 	,True 	,-2.6e+01 	,2.78e+09 	,True 	,-1.9e+01 
8629805 	,362 	,362 	,1.03e+15 	,4.89e+12 	,True 	,-2.6e+01 	,7.46e+11 	,True 	,-2.4e+01 
8629806 	,87 	,87 	,6.50e+14 	,7.56e+12 	,True 	,-2.6e+01 	,6.78e+10 	,True 	,-2.1e+01 
8714627 	,387 	,387 	,1.05e+15 	,3.98e+12 	,True 	,-2.6e+01 	,1.34e+12 	,True 	,-2.4e+01 
8714628 	,41 	,41 	,2.01e+14 	,2.69e+12 	,True 	,-2.5e+01 	,7.91e+10 	,True 	,-2.1e+01 
8714631 	,29 	,29 	,2.75e+14 	,4.02e+12 	,True 	,-2.6e+01 	,8.31e+10 	,True 	,-2.2e+01 
8714633 	,14 	,14 	,2.64e+14 	,8.74e+12 	,True 	,-2.8e+01 	,1.19e+11 	,True 	,-2.2e+01 
8714660 	,3 	,3 	,1.59e+14 	,3.29e+12 	,True 	,-2.6e+01 	,1.23e+11 	,True 	,-2.2e+01 
8790231 	,361 	,361 	,9.64e+14 	,7.00e+12 	,True 	,-2.6e+01 	,6.59e+11 	,True 	,-2.4e+01 
8790232 	,65 	,65 	,1.15e+15 	,1.59e+13 	,True 	,-2.7e+01 	,4.02e+11 	,True 	,-2.3e+01 
8790235 	,11 	,11 	,1.14e+14 	,2.96e+12 	,True 	,-2.5e+01 	,3.85e+10 	,True 	,-2.1e+01 
8874396 	,404 	,404 	,1.20e+15 	,5.41e+12 	,True 	,-2.6e+01 	,1.08e+12 	,True 	,-2.4e+01 
8874397 	,102 	,102 	,5.70e+14 	,8.02e+12 	,True 	,-2.6e+01 	,5.41e+11 	,True 	,-2.3e+01 
8874402 	,18 	,18 	,2.23e+14 	,6.27e+12 	,True 	,-2.6e+01 	,3.31e+10 	,True 	,-2.1e+01 
8874412 	,8 	,8 	,1.32e+14 	,4.87e+12 	,True 	,-2.6e+01 	,1.24e+10 	,True 	,-2e+01 
8874418 	,2 	,2 	,1.42e+14 	,1.99e+12 	,True 	,-2.6e+01 	,8.79e+10 	,True 	,-2.2e+01 
8874420 	,2 	,2 	,1.32e+14 	,8.75e+11 	,True 	,-2.5e+01 	,9.20e+09 	,True 	,-1.9e+01 
8943467 	,342 	,342 	,9.28e+14 	,4.57e+12 	,True 	,-2.6e+01 	,8.53e+11 	,True 	,-2.4e+01 
8943468 	,64 	,64 	,2.70e+14 	,4.52e+12 	,True 	,-2.6e+01 	,1.43e+11 	,True 	,-2.2e+01 
880624 	,7 	,7 	,2.21e+14 	,5.03e+12 	,True 	,-2.6e+01 	,9.99e+09 	,True 	,-2e+01 
9009954 	,366 	,366 	,1.14e+15 	,8.10e+12 	,True 	,-2.6e+01 	,8.99e+11 	,True 	,-2.4e+01 
9009956 	,18 	,18 	,3.58e+14 	,6.50e+12 	,True 	,-2.6e+01 	,1.95e+11 	,True 	,-2.2e+01 
9009964 	,6 	,6 	,1.11e+14 	,5.23e+12 	,True 	,-2.6e+01 	,2.85e+10 	,True 	,-2e+01 
9009965 	,6 	,6 	,1.17e+14 	,4.86e+12 	,True 	,-2.6e+01 	,1.26e+10 	,True 	,-2e+01 
9083738 	,323 	,323 	,1.05e+15 	,7.07e+12 	,True 	,-2.8e+01 	,6.00e+11 	,True 	,-2.4e+01 
9083739 	,49 	,49 	,3.05e+14 	,2.79e+12 	,True 	,-2.5e+01 	,1.96e+12 	,True 	,-2.5e+01 
9158821 	,373 	,373 	,1.06e+15 	,7.54e+12 	,True 	,-2.6e+01 	,7.24e+11 	,True 	,-2.4e+01 
9158822 	,50 	,50 	,3.47e+14 	,5.73e+12 	,True 	,-2.6e+01 	,2.96e+11 	,True 	,-2.3e+01 
9158828 	,6 	,6 	,1.11e+14 	,3.10e+12 	,True 	,-2.6e+01 	,7.34e+11 	,True 	,-2.4e+01 
9158858 	,5 	,5 	,1.67e+14 	,2.96e+11 	,True 	,-2.4e+01 	,1.79e+12 	,True 	,-2.6e+01 
9229180 	,402 	,402 	,1.06e+15 	,5.40e+12 	,True 	,-2.6e+01 	,1.97e+11 	,True 	,-2.2e+01 
9229181 	,61 	,61 	,6.54e+14 	,1.05e+13 	,True 	,-2.7e+01 	,1.50e+11 	,True 	,-2.2e+01 
9229189 	,2 	,2 	,1.04e+14 	,3.50e+12 	,True 	,-2.7e+01 	,7.35e+11 	,True 	,-2.5e+01 
9229190 	,6 	,6 	,1.42e+14 	,5.02e+12 	,True 	,-2.6e+01 	,1.02e+10 	,True 	,-1.9e+01 
9298035 	,446 	,446 	,1.14e+15 	,4.65e+12 	,True 	,-2.6e+01 	,1.51e+12 	,True 	,-2.5e+01 
9298036 	,23 	,23 	,1.12e+14 	,2.39e+12 	,True 	,-2.5e+01 	,3.21e+10 	,True 	,-2e+01 
9298038 	,36 	,36 	,1.50e+14 	,3.27e+12 	,True 	,-2.5e+01 	,6.87e+10 	,True 	,-2.1e+01 
880639 	,3 	,3 	,1.13e+14 	,3.63e+12 	,True 	,-2.6e+01 	,3.14e+11 	,True 	,-2.3e+01 
9298068 	,3 	,3 	,1.05e+14 	,3.74e+12 	,True 	,-2.6e+01 	,6.06e+10 	,True 	,-2.1e+01 
9363765 	,329 	,329 	,1.05e+15 	,7.43e+12 	,True 	,-2.6e+01 	,1.26e+12 	,True 	,-2.4e+01 
9363773 	,6 	,6 	,1.07e+14 	,1.88e+12 	,True 	,-2.5e+01 	,1.52e+11 	,True 	,-2.3e+01 
9363775 	,15 	,15 	,7.36e+14 	,5.61e+12 	,True 	,-2.6e+01 	,1.92e+10 	,True 	,-2e+01 
9439759 	,423 	,423 	,1.00e+15 	,4.06e+12 	,True 	,-2.6e+01 	,1.81e+12 	,True 	,-2.5e+01 
9439760 	,55 	,55 	,4.90e+14 	,4.43e+12 	,True 	,-2.6e+01 	,1.36e+11 	,True 	,-2.2e+01 
9513551 	,391 	,391 	,1.08e+15 	,7.22e+12 	,True 	,-2.6e+01 	,1.08e+12 	,True 	,-2.4e+01 
9574391 	,335 	,335 	,1.11e+15 	,8.97e+12 	,True 	,-2.7e+01 	,6.19e+11 	,True 	,-2.3e+01 
9574392 	,25 	,25 	,1.14e+14 	,1.77e+12 	,True 	,-2.5e+01 	,3.96e+10 	,True 	,-2e+01 
9574394 	,3 	,3 	,1.17e+14 	,2.56e+12 	,True 	,-2.5e+01 	,1.65e+10 	,True 	,-1.9e+01 
9574397 	,17 	,17 	,1.12e+14 	,5.16e+11 	,True 	,-2.4e+01 	,3.60e+10 	,True 	,-2.1e+01 
9574403 	,7 	,7 	,2.74e+14 	,1.06e+12 	,True 	,-2.5e+01 	,4.27e+12 	,True 	,-2.6e+01 
9644244 	,427 	,427 	,1.21e+15 	,7.59e+12 	,True 	,-2.6e+01 	,2.06e+12 	,True 	,-2.5e+01 
9644245 	,55 	,55 	,3.04e+14 	,8.35e+11 	,True 	,-2.4e+01 	,1.30e+12 	,True 	,-2.4e+01 
9644247 	,23 	,23 	,1.10e+14 	,1.14e+12 	,True 	,-2.4e+01 	,4.77e+10 	,True 	,-2.1e+01 
9644251 	,7 	,7 	,1.11e+14 	,2.39e+12 	,True 	,-2.6e+01 	,1.01e+10 	,True 	,-2e+01 
9644407 	,1 	,1 	,1.58e+14 	,4.77e+12 	,True 	,-2.7e+01 	,4.28e+10 	,True 	,-2.1e+01 
9720881 	,316 	,316 	,9.07e+14 	,3.80e+12 	,True 	,-2.6e+01 	,2.02e+12 	,True 	,-2.5e+01 
9720882 	,123 	,123 	,1.69e+15 	,1.25e+13 	,True 	,-2.7e+01 	,6.20e+11 	,True 	,-2.4e+01 
9720883 	,10 	,10 	,1.04e+14 	,3.31e+12 	,True 	,-2.5e+01 	,4.23e+10 	,True 	,-2.1e+01 
1068507 	,514 	,514 	,1.45e+15 	,7.73e+12 	,True 	,-2.6e+01 	,3.22e+11 	,True 	,-2.3e+01 
1068508 	,69 	,69 	,4.24e+14 	,7.29e+12 	,True 	,-2.6e+01 	,1.49e+11 	,True 	,-2.2e+01 
9819553 	,378 	,378 	,1.18e+15 	,7.73e+12 	,True 	,-2.6e+01 	,6.02e+11 	,True 	,-2.4e+01 
9819555 	,7 	,7 	,1.64e+14 	,5.26e+12 	,True 	,-2.7e+01 	,1.32e+09 	,True 	,-1.8e+01 
9819564 	,9 	,9 	,1.04e+14 	,2.86e+12 	,True 	,-2.6e+01 	,4.15e+10 	,True 	,-2.1e+01 
1068510 	,31 	,31 	,1.59e+14 	,2.25e+12 	,True 	,-2.5e+01 	,8.09e+10 	,True 	,-2.1e+01 
9890449 	,435 	,435 	,1.12e+15 	,5.58e+12 	,True 	,-2.6e+01 	,1.50e+12 	,True 	,-2.4e+01 
9890450 	,43 	,43 	,2.22e+14 	,1.91e+12 	,True 	,-2.5e+01 	,2.68e+11 	,True 	,-2.3e+01 
9890476 	,3 	,3 	,2.73e+14 	,6.80e+12 	,True 	,-2.6e+01 	,2.28e+11 	,True 	,-2.3e+01 
1068511 	,36 	,36 	,1.99e+14 	,4.40e+12 	,True 	,-2.6e+01 	,1.57e+11 	,True 	,-2.2e+01 
9956048 	,427 	,427 	,1.13e+15 	,7.75e+12 	,True 	,-2.6e+01 	,6.85e+11 	,True 	,-2.4e+01 
10017312 	,332 	,332 	,8.71e+14 	,4.69e+12 	,True 	,-2.6e+01 	,7.02e+11 	,True 	,-2.4e+01 
10017362 	,2 	,2 	,1.25e+14 	,3.15e+12 	,True 	,-2.6e+01 	,7.11e+09 	,True 	,-1.9e+01 
10087222 	,273 	,273 	,7.65e+14 	,4.98e+12 	,True 	,-2.6e+01 	,4.71e+11 	,True 	,-2.3e+01 
10087236 	,12 	,12 	,1.30e+15 	,6.90e+12 	,True 	,-2.6e+01 	,1.70e+12 	,True 	,-2.6e+01 
10157377 	,311 	,311 	,9.15e+14 	,6.53e+12 	,True 	,-2.6e+01 	,4.99e+11 	,True 	,-2.3e+01 
10157383 	,10 	,10 	,1.07e+14 	,3.42e+12 	,True 	,-2.6e+01 	,3.29e+10 	,True 	,-2e+01 
10219640 	,323 	,323 	,9.34e+14 	,6.56e+12 	,True 	,-2.6e+01 	,3.90e+11 	,True 	,-2.3e+01 
10219641 	,20 	,20 	,1.02e+14 	,1.13e+12 	,True 	,-2.4e+01 	,9.29e+10 	,True 	,-2.2e+01 
10219642 	,28 	,28 	,1.06e+14 	,1.97e+12 	,True 	,-2.5e+01 	,3.11e+11 	,True 	,-2.3e+01 
10219645 	,14 	,14 	,1.99e+14 	,1.88e+12 	,True 	,-2.5e+01 	,3.15e+12 	,True 	,-2.6e+01 
10219660 	,3 	,3 	,1.14e+14 	,6.22e+12 	,True 	,-2.7e+01 	,3.70e+10 	,True 	,-2.1e+01 
10293151 	,345 	,345 	,1.10e+15 	,7.65e+12 	,True 	,-2.6e+01 	,1.73e+12 	,True 	,-2.5e+01 
10293152 	,49 	,49 	,1.92e+14 	,1.46e+12 	,True 	,-2.5e+01 	,2.87e+11 	,True 	,-2.3e+01 
10351662 	,398 	,398 	,9.70e+14 	,4.15e+12 	,True 	,-2.6e+01 	,6.79e+11 	,True 	,-2.4e+01 
10351666 	,17 	,17 	,1.90e+14 	,2.09e+12 	,True 	,-2.5e+01 	,3.39e+10 	,True 	,-2e+01 
10351684 	,2 	,2 	,2.49e+14 	,7.80e+12 	,True 	,-2.6e+01 	,5.09e+09 	,True 	,-1.8e+01 
10351689 	,5 	,5 	,1.06e+14 	,5.74e+11 	,True 	,-2.4e+01 	,2.95e+12 	,True 	,-2.6e+01 
10351702 	,1 	,1 	,1.18e+14 	,4.55e+12 	,True 	,-2.6e+01 	,3.23e+09 	,True 	,-1.9e+01 
10422957 	,334 	,334 	,1.05e+15 	,8.28e+12 	,True 	,-2.7e+01 	,5.45e+11 	,True 	,-2.3e+01 
10484363 	,414 	,414 	,1.18e+15 	,5.87e+12 	,True 	,-2.7e+01 	,6.65e+11 	,True 	,-2.4e+01 
10484365 	,11 	,11 	,2.07e+14 	,5.59e+12 	,True 	,-2.6e+01 	,7.34e+09 	,True 	,-1.9e+01 
10545631 	,310 	,310 	,7.98e+14 	,5.10e+12 	,True 	,-2.6e+01 	,8.35e+11 	,True 	,-2.4e+01 
10545632 	,78 	,78 	,3.00e+14 	,2.47e+12 	,True 	,-2.5e+01 	,3.27e+11 	,True 	,-2.3e+01 
10545633 	,31 	,31 	,1.57e+14 	,2.95e+12 	,True 	,-2.5e+01 	,1.33e+11 	,True 	,-2.2e+01 
10612178 	,394 	,394 	,1.04e+15 	,4.84e+12 	,True 	,-2.6e+01 	,1.48e+12 	,True 	,-2.5e+01 
10672584 	,369 	,369 	,1.02e+15 	,8.32e+12 	,True 	,-2.6e+01 	,1.77e+11 	,True 	,-2.2e+01 
10739656 	,347 	,347 	,8.62e+14 	,5.99e+12 	,True 	,-2.6e+01 	,3.39e+11 	,True 	,-2.3e+01 
10739659 	,22 	,22 	,1.92e+14 	,2.40e+12 	,True 	,-2.5e+01 	,6.29e+10 	,True 	,-2.1e+01 
10739660 	,20 	,20 	,2.02e+14 	,6.12e+12 	,True 	,-2.6e+01 	,1.92e+11 	,True 	,-2.2e+01 
1068546 	,1 	,1 	,4.03e+14 	,3.68e+11 	,True 	,-2.3e+01 	,4.05e+12 	,True 	,-2.7e+01 
10739705 	,2 	,2 	,2.19e+14 	,5.55e+12 	,True 	,-2.6e+01 	,1.41e+11 	,True 	,-2.2e+01 
10809596 	,295 	,295 	,8.11e+14 	,4.33e+12 	,True 	,-2.6e+01 	,2.28e+12 	,True 	,-2.5e+01 
10809602 	,14 	,14 	,1.75e+14 	,5.33e+12 	,True 	,-2.7e+01 	,6.01e+10 	,True 	,-2.1e+01 
1068556 	,2 	,2 	,1.76e+14 	,6.96e+12 	,True 	,-2.7e+01 	,2.48e+11 	,True 	,-2.3e+01 
10809603 	,13 	,13 	,1.26e+14 	,1.90e+12 	,True 	,-2.5e+01 	,4.89e+10 	,True 	,-2.1e+01 
10809605 	,8 	,8 	,1.80e+14 	,3.54e+12 	,True 	,-2.5e+01 	,1.07e+09 	,True 	,-1.7e+01 
10886163 	,371 	,371 	,9.95e+14 	,6.31e+12 	,True 	,-2.6e+01 	,4.59e+11 	,True 	,-2.3e+01 
10943032 	,307 	,307 	,8.82e+14 	,7.75e+12 	,True 	,-2.6e+01 	,3.42e+11 	,True 	,-2.3e+01 
10943033 	,20 	,20 	,2.67e+14 	,4.91e+12 	,True 	,-2.6e+01 	,1.13e+11 	,True 	,-2.2e+01 
10943034 	,20 	,20 	,1.11e+14 	,1.74e+12 	,True 	,-2.5e+01 	,5.18e+10 	,True 	,-2.1e+01 
10943039 	,9 	,9 	,1.09e+14 	,2.00e+12 	,True 	,-2.5e+01 	,2.20e+10 	,True 	,-2.1e+01 
11009511 	,399 	,399 	,1.05e+15 	,3.97e+12 	,True 	,-2.6e+01 	,6.90e+11 	,True 	,-2.4e+01 
11009576 	,2 	,2 	,1.12e+14 	,3.06e+12 	,True 	,-2.5e+01 	,6.09e+09 	,True 	,-2e+01 
11069985 	,266 	,266 	,8.65e+14 	,1.13e+13 	,True 	,-2.8e+01 	,5.58e+11 	,True 	,-2.4e+01 
11069986 	,31 	,31 	,2.10e+14 	,3.64e+12 	,True 	,-2.6e+01 	,5.02e+10 	,True 	,-2.1e+01 
11069987 	,15 	,15 	,1.04e+14 	,9.91e+11 	,True 	,-2.4e+01 	,8.03e+09 	,True 	,-2.1e+01 
11128914 	,409 	,409 	,1.05e+15 	,4.66e+12 	,True 	,-2.6e+01 	,3.11e+12 	,True 	,-2.5e+01 
11128915 	,46 	,46 	,1.35e+14 	,1.84e+12 	,True 	,-2.5e+01 	,3.79e+10 	,True 	,-2.1e+01 
11186149 	,361 	,361 	,9.00e+14 	,5.94e+12 	,True 	,-2.6e+01 	,8.25e+11 	,True 	,-2.4e+01 
11186150 	,40 	,40 	,1.83e+14 	,3.55e+12 	,True 	,-2.5e+01 	,3.45e+11 	,True 	,-2.3e+01 
11186153 	,14 	,14 	,1.74e+14 	,4.09e+12 	,True 	,-2.6e+01 	,9.09e+10 	,True 	,-2.1e+01 
11186157 	,12 	,12 	,1.20e+14 	,3.25e+12 	,True 	,-2.6e+01 	,1.27e+11 	,True 	,-2.2e+01 
11247535 	,307 	,307 	,9.02e+14 	,5.35e+12 	,True 	,-2.6e+01 	,2.64e+11 	,True 	,-2.3e+01 
11247536 	,42 	,42 	,3.42e+14 	,5.81e+12 	,True 	,-2.6e+01 	,1.70e+11 	,True 	,-2.2e+01 
11247537 	,15 	,15 	,7.62e+14 	,4.35e+12 	,True 	,-2.6e+01 	,6.19e+12 	,True 	,-2.6e+01 
11247539 	,13 	,13 	,1.06e+14 	,2.66e+12 	,True 	,-2.5e+01 	,1.29e+11 	,True 	,-2.2e+01 
11247550 	,4 	,4 	,2.35e+14 	,4.83e+11 	,True 	,-2.5e+01 	,2.23e+12 	,True 	,-2.5e+01 
11247554 	,5 	,5 	,1.52e+14 	,2.17e+12 	,True 	,-2.6e+01 	,5.08e+09 	,True 	,-1.9e+01 
11318647 	,281 	,281 	,9.52e+14 	,6.37e+12 	,True 	,-2.6e+01 	,1.55e+12 	,True 	,-2.5e+01 
11375025 	,299 	,299 	,8.71e+14 	,5.18e+12 	,True 	,-2.6e+01 	,1.16e+12 	,True 	,-2.4e+01 
11375033 	,7 	,7 	,5.61e+14 	,8.41e+12 	,True 	,-2.6e+01 	,5.49e+10 	,True 	,-2.1e+01 
11433807 	,399 	,399 	,1.01e+15 	,5.82e+12 	,True 	,-2.7e+01 	,5.11e+11 	,True 	,-2.3e+01 
11433811 	,12 	,12 	,1.38e+14 	,2.61e+12 	,True 	,-2.5e+01 	,1.26e+12 	,True 	,-2.5e+01 
11484512 	,303 	,303 	,7.32e+14 	,4.34e+12 	,True 	,-2.6e+01 	,1.90e+11 	,True 	,-2.2e+01 
1263653 	,728 	,728 	,2.17e+15 	,1.17e+13 	,True 	,-2.7e+01 	,2.81e+12 	,True 	,-2.5e+01 
11484513 	,30 	,30 	,1.14e+14 	,2.36e+12 	,True 	,-2.5e+01 	,1.20e+11 	,True 	,-2.2e+01 
11484515 	,9 	,9 	,1.14e+14 	,3.17e+12 	,True 	,-2.6e+01 	,4.43e+10 	,True 	,-2.1e+01 
11484522 	,4 	,4 	,1.38e+14 	,1.33e+12 	,True 	,-2.5e+01 	,7.12e+09 	,True 	,-1.9e+01 
1263654 	,65 	,65 	,3.55e+14 	,3.01e+12 	,True 	,-2.5e+01 	,1.81e+11 	,True 	,-2.3e+01 
11543591 	,305 	,305 	,7.04e+14 	,3.89e+12 	,True 	,-2.6e+01 	,9.86e+11 	,True 	,-2.4e+01 
11603245 	,322 	,322 	,8.89e+14 	,5.24e+12 	,True 	,-2.6e+01 	,7.59e+11 	,True 	,-2.4e+01 
11603247 	,28 	,28 	,1.73e+14 	,2.95e+12 	,True 	,-2.5e+01 	,1.20e+11 	,True 	,-2.2e+01 
1263657 	,25 	,25 	,4.96e+14 	,8.57e+12 	,True 	,-2.6e+01 	,4.76e+10 	,True 	,-2.1e+01 
11659115 	,414 	,414 	,1.03e+15 	,5.63e+12 	,True 	,-2.6e+01 	,1.06e+12 	,True 	,-2.4e+01 
11659116 	,30 	,30 	,1.46e+14 	,2.05e+12 	,True 	,-2.5e+01 	,8.12e+10 	,True 	,-2.1e+01 
11713845 	,315 	,315 	,8.33e+14 	,4.26e+12 	,True 	,-2.6e+01 	,7.22e+11 	,True 	,-2.4e+01 
11713848 	,17 	,17 	,1.41e+14 	,3.16e+12 	,True 	,-2.5e+01 	,2.59e+10 	,True 	,-2e+01 
11713851 	,15 	,15 	,1.41e+14 	,1.66e+12 	,True 	,-2.5e+01 	,6.11e+09 	,True 	,-2e+01 
11767506 	,319 	,319 	,8.00e+14 	,5.69e+12 	,True 	,-2.6e+01 	,8.00e+11 	,True 	,-2.4e+01 
11767509 	,14 	,14 	,1.37e+14 	,3.04e+12 	,True 	,-2.6e+01 	,1.31e+10 	,True 	,-2e+01 
11767510 	,10 	,10 	,1.76e+14 	,4.42e+12 	,True 	,-2.6e+01 	,1.17e+10 	,True 	,-2.1e+01 
1263663 	,20 	,20 	,1.31e+14 	,3.96e+12 	,True 	,-2.6e+01 	,2.01e+10 	,True 	,-2e+01 
11823213 	,275 	,275 	,8.96e+14 	,9.03e+12 	,True 	,-2.6e+01 	,4.69e+11 	,True 	,-2.3e+01 
11876224 	,291 	,291 	,8.22e+14 	,6.38e+12 	,True 	,-2.7e+01 	,4.76e+11 	,True 	,-2.3e+01 
11876226 	,13 	,13 	,1.26e+14 	,4.27e+12 	,True 	,-2.6e+01 	,1.21e+11 	,True 	,-2.2e+01 
11929315 	,178 	,178 	,5.68e+14 	,6.95e+12 	,True 	,-2.6e+01 	,2.54e+11 	,True 	,-2.3e+01 
11929316 	,30 	,30 	,1.04e+14 	,1.69e+12 	,True 	,-2.5e+01 	,1.98e+10 	,True 	,-2.1e+01 
11929319 	,12 	,12 	,1.12e+14 	,3.09e+12 	,True 	,-2.5e+01 	,4.37e+10 	,True 	,-2.1e+01 
11988351 	,302 	,302 	,8.52e+14 	,4.59e+12 	,True 	,-2.6e+01 	,8.64e+11 	,True 	,-2.4e+01 
11988352 	,20 	,20 	,1.01e+14 	,1.88e+12 	,True 	,-2.5e+01 	,1.48e+10 	,True 	,-2.1e+01 
11988354 	,24 	,24 	,3.94e+14 	,7.40e+12 	,True 	,-2.6e+01 	,5.81e+10 	,True 	,-2.1e+01 
11988378 	,2 	,2 	,8.94e+14 	,1.01e+13 	,True 	,-2.7e+01 	,3.46e+11 	,True 	,-2.3e+01 
12045847 	,180 	,180 	,5.59e+14 	,3.64e+12 	,True 	,-2.6e+01 	,1.08e+12 	,True 	,-2.4e+01 
12045848 	,61 	,61 	,6.21e+14 	,1.27e+13 	,True 	,-2.7e+01 	,4.75e+11 	,True 	,-2.3e+01 
12045851 	,15 	,15 	,1.11e+14 	,2.51e+12 	,True 	,-2.5e+01 	,5.96e+10 	,True 	,-2.2e+01 
1263675 	,8 	,8 	,5.33e+14 	,8.85e+12 	,True 	,-2.7e+01 	,9.43e+09 	,True 	,-2e+01 
12109947 	,344 	,344 	,8.98e+14 	,4.96e+12 	,True 	,-2.6e+01 	,7.24e+11 	,True 	,-2.4e+01 
12109948 	,19 	,19 	,1.18e+14 	,1.56e+12 	,True 	,-2.5e+01 	,4.73e+10 	,True 	,-2.1e+01 
12109950 	,31 	,31 	,7.14e+14 	,1.25e+13 	,True 	,-2.7e+01 	,8.56e+10 	,True 	,-2.2e+01 
12169414 	,250 	,250 	,6.43e+14 	,3.88e+12 	,True 	,-2.6e+01 	,1.22e+12 	,True 	,-2.4e+01 
12169416 	,30 	,30 	,1.16e+14 	,1.04e+12 	,True 	,-2.4e+01 	,2.68e+11 	,True 	,-2.3e+01 
12224103 	,403 	,403 	,1.01e+15 	,3.61e+12 	,True 	,-2.6e+01 	,1.81e+12 	,True 	,-2.5e+01 
12224104 	,55 	,55 	,2.54e+14 	,3.32e+12 	,True 	,-2.5e+01 	,1.05e+11 	,True 	,-2.2e+01 
12224105 	,17 	,17 	,1.07e+14 	,2.52e+12 	,True 	,-2.5e+01 	,1.76e+10 	,True 	,-2e+01 
12224109 	,24 	,24 	,1.10e+14 	,2.55e+12 	,True 	,-2.5e+01 	,6.36e+10 	,True 	,-2.1e+01 
12274768 	,367 	,367 	,9.13e+14 	,4.89e+12 	,True 	,-2.6e+01 	,1.71e+12 	,True 	,-2.5e+01 
12274769 	,23 	,23 	,1.24e+14 	,3.95e+12 	,True 	,-2.6e+01 	,1.00e+11 	,True 	,-2.2e+01 
12334208 	,304 	,304 	,9.76e+14 	,7.57e+12 	,True 	,-2.7e+01 	,5.03e+11 	,True 	,-2.3e+01 
12334209 	,22 	,22 	,2.16e+14 	,3.51e+12 	,True 	,-2.5e+01 	,1.32e+10 	,True 	,-2e+01 
12381782 	,404 	,404 	,1.04e+15 	,5.46e+12 	,True 	,-2.6e+01 	,1.33e+12 	,True 	,-2.4e+01 
12381783 	,22 	,22 	,1.14e+14 	,1.39e+12 	,True 	,-2.5e+01 	,8.12e+10 	,True 	,-2.1e+01 
12381789 	,5 	,5 	,1.15e+15 	,3.36e+12 	,True 	,-2.5e+01 	,6.81e+10 	,True 	,-2.2e+01 
12432056 	,298 	,298 	,8.21e+14 	,4.05e+12 	,True 	,-2.6e+01 	,1.86e+12 	,True 	,-2.5e+01 
12432057 	,62 	,62 	,1.76e+14 	,1.93e+12 	,True 	,-2.5e+01 	,5.58e+10 	,True 	,-2.1e+01 
12432058 	,36 	,36 	,1.13e+14 	,1.50e+12 	,True 	,-2.5e+01 	,8.60e+10 	,True 	,-2.2e+01 
12485362 	,345 	,345 	,9.46e+14 	,8.08e+12 	,True 	,-2.7e+01 	,1.39e+12 	,True 	,-2.5e+01 
12485363 	,15 	,15 	,1.06e+14 	,1.92e+12 	,True 	,-2.5e+01 	,1.03e+11 	,True 	,-2.2e+01 
12534413 	,220 	,220 	,5.89e+14 	,4.86e+12 	,True 	,-2.6e+01 	,1.31e+11 	,True 	,-2.2e+01 
1431487 	,709 	,709 	,1.95e+15 	,9.66e+12 	,True 	,-2.7e+01 	,8.62e+11 	,True 	,-2.4e+01 
1431488 	,48 	,48 	,2.15e+14 	,2.53e+12 	,True 	,-2.5e+01 	,2.31e+11 	,True 	,-2.2e+01 
12582631 	,207 	,207 	,5.86e+14 	,3.90e+12 	,True 	,-2.6e+01 	,8.45e+11 	,True 	,-2.4e+01 
12582641 	,11 	,11 	,1.99e+14 	,4.19e+12 	,True 	,-2.7e+01 	,1.70e+12 	,True 	,-2.6e+01 
12632860 	,322 	,322 	,7.90e+14 	,3.92e+12 	,True 	,-2.6e+01 	,7.88e+11 	,True 	,-2.4e+01 
12632861 	,52 	,52 	,3.56e+14 	,6.94e+12 	,True 	,-2.6e+01 	,8.31e+10 	,True 	,-2.2e+01 
12632866 	,13 	,13 	,1.24e+14 	,3.79e+12 	,True 	,-2.6e+01 	,5.55e+10 	,True 	,-2.1e+01 
12698185 	,378 	,378 	,8.93e+14 	,3.56e+12 	,True 	,-2.6e+01 	,8.06e+11 	,True 	,-2.4e+01 
12698186 	,40 	,40 	,1.65e+14 	,3.28e+12 	,True 	,-2.5e+01 	,7.49e+10 	,True 	,-2.1e+01 
12698187 	,23 	,23 	,1.50e+14 	,3.35e+12 	,True 	,-2.5e+01 	,1.02e+11 	,True 	,-2.2e+01 
12698189 	,24 	,24 	,3.96e+14 	,4.36e+12 	,True 	,-2.6e+01 	,5.23e+10 	,True 	,-2.1e+01 
12698202 	,6 	,6 	,2.92e+14 	,4.89e+12 	,True 	,-2.6e+01 	,6.51e+11 	,True 	,-2.4e+01 
12698204 	,6 	,6 	,1.00e+14 	,3.93e+11 	,True 	,-2.4e+01 	,2.44e+10 	,True 	,-2.2e+01 
12755885 	,291 	,291 	,7.01e+14 	,3.15e+12 	,True 	,-2.5e+01 	,4.73e+11 	,True 	,-2.4e+01 
12755886 	,51 	,51 	,2.41e+14 	,3.39e+12 	,True 	,-2.5e+01 	,1.99e+11 	,True 	,-2.2e+01 
12755888 	,12 	,12 	,1.39e+14 	,3.71e+12 	,True 	,-2.6e+01 	,5.03e+10 	,True 	,-2.1e+01 
12755961 	,1 	,1 	,1.02e+14 	,2.97e+12 	,True 	,-2.6e+01 	,3.27e+10 	,True 	,-2.1e+01 
12816749 	,195 	,195 	,5.76e+14 	,5.80e+12 	,True 	,-2.6e+01 	,5.11e+11 	,True 	,-2.3e+01 
12816757 	,11 	,11 	,1.11e+14 	,3.49e+12 	,True 	,-2.6e+01 	,5.49e+10 	,True 	,-2.1e+01 
12816768 	,9 	,9 	,1.22e+14 	,1.70e+12 	,True 	,-2.5e+01 	,5.17e+09 	,True 	,-1.9e+01 
12871237 	,295 	,295 	,7.55e+14 	,4.91e+12 	,True 	,-2.6e+01 	,1.18e+12 	,True 	,-2.4e+01 
12871238 	,27 	,27 	,1.18e+14 	,2.44e+12 	,True 	,-2.5e+01 	,6.24e+10 	,True 	,-2.1e+01 
12871239 	,11 	,11 	,2.45e+14 	,7.13e+12 	,True 	,-2.7e+01 	,1.55e+11 	,True 	,-2.2e+01 
12925049 	,305 	,305 	,7.80e+14 	,3.54e+12 	,True 	,-2.6e+01 	,8.99e+11 	,True 	,-2.4e+01 
12925051 	,31 	,31 	,4.23e+14 	,8.92e+12 	,True 	,-2.7e+01 	,2.63e+11 	,True 	,-2.3e+01 
12925053 	,17 	,17 	,1.51e+14 	,2.20e+12 	,True 	,-2.5e+01 	,8.16e+10 	,True 	,-2.1e+01 
12925054 	,25 	,25 	,4.89e+14 	,6.93e+12 	,True 	,-2.6e+01 	,6.60e+10 	,True 	,-2.1e+01 
12981983 	,130 	,130 	,3.62e+14 	,3.42e+12 	,True 	,-2.5e+01 	,3.06e+11 	,True 	,-2.3e+01 
12981985 	,23 	,23 	,2.44e+14 	,1.17e+12 	,True 	,-2.4e+01 	,1.01e+11 	,True 	,-2.2e+01 
13035077 	,317 	,317 	,9.03e+14 	,4.98e+12 	,True 	,-2.6e+01 	,3.02e+11 	,True 	,-2.3e+01 
13035078 	,24 	,24 	,1.14e+14 	,2.42e+12 	,True 	,-2.5e+01 	,6.18e+11 	,True 	,-2.4e+01 
13035164 	,3 	,3 	,1.01e+14 	,2.02e+12 	,True 	,-2.6e+01 	,1.59e+12 	,True 	,-2.6e+01 
13083432 	,261 	,261 	,5.94e+14 	,2.63e+12 	,True 	,-2.5e+01 	,9.39e+11 	,True 	,-2.4e+01 
13083435 	,5 	,5 	,1.41e+14 	,3.54e+12 	,True 	,-2.6e+01 	,3.80e+10 	,True 	,-2.1e+01 
13133868 	,348 	,348 	,9.29e+14 	,4.58e+12 	,True 	,-2.6e+01 	,7.20e+11 	,True 	,-2.4e+01 
13133869 	,37 	,37 	,1.42e+14 	,1.49e+12 	,True 	,-2.5e+01 	,5.60e+10 	,True 	,-2.1e+01 
13176044 	,157 	,157 	,4.29e+14 	,2.85e+12 	,True 	,-2.5e+01 	,1.28e+12 	,True 	,-2.4e+01 
13176045 	,22 	,22 	,1.79e+14 	,3.28e+12 	,True 	,-2.5e+01 	,5.81e+10 	,True 	,-2.1e+01 
13176049 	,19 	,19 	,1.41e+14 	,3.73e+12 	,True 	,-2.6e+01 	,8.51e+10 	,True 	,-2.1e+01 
13231280 	,282 	,282 	,7.48e+14 	,4.85e+12 	,True 	,-2.6e+01 	,6.21e+11 	,True 	,-2.4e+01 
13231281 	,52 	,52 	,2.23e+14 	,4.33e+12 	,True 	,-2.6e+01 	,1.44e+11 	,True 	,-2.2e+01 
13231282 	,28 	,28 	,4.62e+14 	,5.73e+12 	,True 	,-2.6e+01 	,8.60e+10 	,True 	,-2.1e+01 
13231283 	,36 	,36 	,2.10e+14 	,2.81e+12 	,True 	,-2.5e+01 	,1.45e+11 	,True 	,-2.2e+01 
13291544 	,271 	,271 	,6.70e+14 	,5.30e+12 	,True 	,-2.6e+01 	,8.99e+10 	,True 	,-2.2e+01 
13291547 	,6 	,6 	,1.37e+14 	,3.49e+12 	,True 	,-2.5e+01 	,1.38e+09 	,True 	,-1.8e+01 
36 	,7 	,7 	,1.19e+14 	,3.18e+12 	,True 	,-2.5e+01 	,2.21e+10 	,True 	,-2.1e+01 
13341116 	,269 	,269 	,7.38e+14 	,4.11e+12 	,True 	,-2.6e+01 	,6.43e+11 	,True 	,-2.4e+01 
13388143 	,228 	,228 	,7.57e+14 	,9.37e+12 	,True 	,-2.7e+01 	,1.94e+11 	,True 	,-2.3e+01 
13388144 	,13 	,13 	,2.29e+14 	,1.96e+12 	,True 	,-2.5e+01 	,3.47e+10 	,True 	,-2.1e+01 
13432142 	,270 	,270 	,7.63e+14 	,5.30e+12 	,True 	,-2.6e+01 	,6.58e+11 	,True 	,-2.4e+01 
13432148 	,7 	,7 	,1.39e+14 	,8.63e+11 	,True 	,-2.4e+01 	,2.24e+12 	,True 	,-2.5e+01 
13432150 	,7 	,7 	,1.86e+14 	,3.97e+12 	,True 	,-2.6e+01 	,1.32e+12 	,True 	,-2.6e+01 
13432153 	,2 	,2 	,1.93e+14 	,7.19e+12 	,True 	,-2.6e+01 	,6.34e+08 	,True 	,-1.7e+01 
13479426 	,187 	,187 	,5.12e+14 	,4.57e+12 	,True 	,-2.6e+01 	,6.19e+11 	,True 	,-2.4e+01 
13479428 	,20 	,20 	,1.31e+14 	,2.26e+12 	,True 	,-2.5e+01 	,7.02e+10 	,True 	,-2.1e+01 
13479434 	,10 	,10 	,2.19e+14 	,5.06e+11 	,True 	,-2.4e+01 	,4.03e+09 	,True 	,-2e+01 
13479481 	,4 	,4 	,2.10e+14 	,1.45e+12 	,True 	,-2.5e+01 	,1.08e+09 	,True 	,-1.7e+01 
13532711 	,188 	,188 	,5.76e+14 	,5.41e+12 	,True 	,-2.6e+01 	,4.95e+11 	,True 	,-2.3e+01 
13532712 	,31 	,31 	,2.40e+14 	,2.44e+12 	,True 	,-2.5e+01 	,5.22e+09 	,True 	,-1.9e+01 
13581051 	,240 	,240 	,7.35e+14 	,6.16e+12 	,True 	,-2.6e+01 	,2.43e+11 	,True 	,-2.3e+01 
13634459 	,250 	,250 	,6.93e+14 	,4.67e+12 	,True 	,-2.6e+01 	,9.27e+11 	,True 	,-2.4e+01 
1580995 	,707 	,707 	,2.29e+15 	,1.43e+13 	,True 	,-2.7e+01 	,3.86e+11 	,True 	,-2.3e+01 
13634460 	,32 	,32 	,2.79e+14 	,6.65e+12 	,True 	,-2.6e+01 	,1.30e+12 	,True 	,-2.4e+01 
13634463 	,26 	,26 	,2.13e+14 	,4.01e+12 	,True 	,-2.7e+01 	,1.19e+11 	,True 	,-2.2e+01 
13634472 	,6 	,6 	,1.58e+15 	,1.42e+12 	,True 	,-2.6e+01 	,6.45e+08 	,True 	,-1.6e+01 
1580996 	,131 	,131 	,1.01e+15 	,6.61e+12 	,True 	,-2.6e+01 	,1.60e+12 	,True 	,-2.5e+01 
13686751 	,185 	,185 	,5.28e+14 	,4.56e+12 	,True 	,-2.6e+01 	,2.58e+11 	,True 	,-2.3e+01 
13686752 	,24 	,24 	,1.88e+14 	,3.56e+12 	,True 	,-2.6e+01 	,2.63e+10 	,True 	,-2.1e+01 
13686754 	,18 	,18 	,2.06e+14 	,4.07e+12 	,True 	,-2.6e+01 	,3.87e+10 	,True 	,-2.1e+01 
1580997 	,63 	,63 	,4.20e+14 	,8.39e+12 	,True 	,-2.7e+01 	,9.23e+10 	,True 	,-2.2e+01 
13737849 	,231 	,231 	,5.08e+14 	,2.60e+12 	,True 	,-2.5e+01 	,8.93e+11 	,True 	,-2.4e+01 
1580998 	,20 	,20 	,1.35e+14 	,2.88e+12 	,True 	,-2.5e+01 	,9.98e+10 	,True 	,-2.2e+01 
13737850 	,25 	,25 	,1.25e+14 	,1.42e+12 	,True 	,-2.5e+01 	,7.47e+10 	,True 	,-2.1e+01 
13737851 	,26 	,26 	,4.59e+14 	,1.04e+13 	,True 	,-2.7e+01 	,9.68e+10 	,True 	,-2.2e+01 
13737852 	,9 	,9 	,3.30e+14 	,1.78e+11 	,True 	,-2.3e+01 	,2.14e+12 	,True 	,-2.6e+01 
13737854 	,5 	,5 	,1.22e+14 	,3.91e+12 	,True 	,-2.6e+01 	,8.10e+09 	,True 	,-1.9e+01 
13792287 	,340 	,340 	,7.28e+14 	,2.34e+12 	,True 	,-2.5e+01 	,1.09e+12 	,True 	,-2.4e+01 
13792288 	,26 	,26 	,1.28e+14 	,1.11e+12 	,True 	,-2.5e+01 	,4.75e+11 	,True 	,-2.3e+01 
13792295 	,6 	,6 	,1.73e+14 	,4.61e+12 	,True 	,-2.6e+01 	,1.18e+10 	,True 	,-1.9e+01 
13845328 	,177 	,177 	,7.04e+14 	,7.47e+12 	,True 	,-2.6e+01 	,2.86e+11 	,True 	,-2.3e+01 
13845345 	,2 	,2 	,1.16e+14 	,2.76e+12 	,True 	,-2.6e+01 	,2.44e+11 	,True 	,-2.3e+01 
13886810 	,246 	,246 	,8.07e+14 	,4.97e+12 	,True 	,-2.6e+01 	,1.65e+12 	,True 	,-2.5e+01 
13886811 	,24 	,24 	,2.03e+14 	,4.03e+12 	,True 	,-2.6e+01 	,1.97e+11 	,True 	,-2.2e+01 
13886816 	,3 	,3 	,1.20e+14 	,4.94e+12 	,True 	,-2.6e+01 	,4.10e+08 	,True 	,-1.6e+01 
13927129 	,175 	,175 	,5.51e+14 	,4.22e+12 	,True 	,-2.6e+01 	,2.60e+11 	,True 	,-2.3e+01 
13927130 	,68 	,68 	,9.54e+14 	,7.10e+12 	,True 	,-2.7e+01 	,5.19e+11 	,True 	,-2.3e+01 
13927131 	,21 	,21 	,2.18e+14 	,4.94e+12 	,True 	,-2.6e+01 	,9.96e+10 	,True 	,-2.2e+01 
13988217 	,172 	,172 	,5.28e+14 	,4.96e+12 	,True 	,-2.6e+01 	,2.05e+11 	,True 	,-2.2e+01 
13988218 	,157 	,157 	,1.04e+15 	,5.75e+12 	,True 	,-2.6e+01 	,3.72e+11 	,True 	,-2.3e+01 
14038844 	,319 	,319 	,7.85e+14 	,4.92e+12 	,True 	,-2.6e+01 	,3.37e+11 	,True 	,-2.3e+01 
14038845 	,35 	,35 	,1.26e+14 	,1.60e+12 	,True 	,-2.5e+01 	,8.05e+10 	,True 	,-2.1e+01 
14038847 	,14 	,14 	,1.24e+14 	,4.67e+12 	,True 	,-2.6e+01 	,3.21e+10 	,True 	,-2e+01 
14084296 	,185 	,185 	,6.21e+14 	,5.54e+12 	,True 	,-2.6e+01 	,5.30e+11 	,True 	,-2.3e+01 
14084297 	,19 	,19 	,1.57e+14 	,1.48e+12 	,True 	,-2.5e+01 	,5.98e+10 	,True 	,-2.1e+01 
14128437 	,249 	,249 	,7.13e+14 	,4.96e+12 	,True 	,-2.6e+01 	,5.41e+11 	,True 	,-2.3e+01 
1581009 	,14 	,14 	,1.80e+14 	,4.94e+12 	,True 	,-2.6e+01 	,7.97e+10 	,True 	,-2.1e+01 
14128439 	,13 	,13 	,1.23e+14 	,2.88e+12 	,True 	,-2.5e+01 	,6.19e+10 	,True 	,-2.1e+01 
14179019 	,287 	,287 	,7.54e+14 	,3.53e+12 	,True 	,-2.6e+01 	,1.45e+12 	,True 	,-2.5e+01 
1581012 	,10 	,10 	,1.03e+14 	,2.53e+12 	,True 	,-2.5e+01 	,3.62e+08 	,True 	,-1.6e+01 
14219518 	,340 	,340 	,8.82e+14 	,2.25e+12 	,True 	,-2.5e+01 	,2.39e+12 	,True 	,-2.5e+01 
14219519 	,28 	,28 	,2.28e+14 	,4.02e+12 	,True 	,-2.6e+01 	,8.40e+10 	,True 	,-2.1e+01 
14258311 	,322 	,322 	,7.05e+14 	,3.00e+12 	,True 	,-2.5e+01 	,9.26e+11 	,True 	,-2.4e+01 
14258337 	,3 	,3 	,1.35e+14 	,2.89e+12 	,True 	,-2.5e+01 	,4.42e+11 	,True 	,-2.4e+01 
14300805 	,222 	,222 	,6.49e+14 	,4.99e+12 	,True 	,-2.6e+01 	,3.60e+11 	,True 	,-2.3e+01 
14300806 	,28 	,28 	,1.27e+14 	,1.40e+12 	,True 	,-2.5e+01 	,1.63e+11 	,True 	,-2.2e+01 
14300807 	,32 	,32 	,2.18e+14 	,2.71e+12 	,True 	,-2.5e+01 	,5.41e+10 	,True 	,-2.1e+01 
14346919 	,237 	,237 	,6.25e+14 	,3.84e+12 	,True 	,-2.6e+01 	,3.35e+11 	,True 	,-2.3e+01 
14346920 	,29 	,29 	,3.94e+14 	,8.61e+12 	,True 	,-2.7e+01 	,5.88e+10 	,True 	,-2.1e+01 
14346926 	,4 	,4 	,1.76e+14 	,3.71e+12 	,True 	,-2.6e+01 	,4.29e+10 	,True 	,-2.1e+01 
14397702 	,269 	,269 	,8.12e+14 	,5.99e+12 	,True 	,-2.6e+01 	,2.28e+11 	,True 	,-2.2e+01 
14397704 	,11 	,11 	,1.67e+14 	,5.49e+12 	,True 	,-2.6e+01 	,2.67e+10 	,True 	,-2e+01 
14441698 	,240 	,240 	,6.24e+14 	,4.62e+12 	,True 	,-2.6e+01 	,8.83e+11 	,True 	,-2.4e+01 
14441699 	,31 	,31 	,2.83e+14 	,4.59e+12 	,True 	,-2.6e+01 	,9.17e+10 	,True 	,-2.2e+01 
1581028 	,7 	,7 	,1.18e+14 	,3.09e+12 	,True 	,-2.5e+01 	,7.30e+09 	,True 	,-1.9e+01 
14441704 	,5 	,5 	,1.15e+14 	,2.62e+12 	,True 	,-2.6e+01 	,1.67e+10 	,True 	,-1.9e+01 
14441709 	,3 	,3 	,2.57e+14 	,7.36e+12 	,True 	,-2.8e+01 	,2.44e+09 	,True 	,-1.9e+01 
14486018 	,243 	,243 	,6.28e+14 	,4.60e+12 	,True 	,-2.6e+01 	,1.40e+12 	,True 	,-2.4e+01 
14486019 	,30 	,30 	,1.58e+14 	,2.18e+12 	,True 	,-2.5e+01 	,8.09e+10 	,True 	,-2.1e+01 
14486023 	,12 	,12 	,2.00e+14 	,3.30e+12 	,True 	,-2.6e+01 	,1.05e+10 	,True 	,-2e+01 
14486045 	,3 	,3 	,1.63e+14 	,3.32e+12 	,True 	,-2.5e+01 	,2.06e+08 	,True 	,-1.5e+01 
14528100 	,272 	,272 	,7.85e+14 	,5.13e+12 	,True 	,-2.6e+01 	,1.01e+12 	,True 	,-2.4e+01 
14528101 	,40 	,40 	,3.37e+14 	,3.26e+12 	,True 	,-2.6e+01 	,1.48e+11 	,True 	,-2.3e+01 
14579813 	,260 	,260 	,7.24e+14 	,2.64e+12 	,True 	,-2.5e+01 	,6.52e+11 	,True 	,-2.4e+01 
14579814 	,29 	,29 	,1.14e+14 	,1.11e+12 	,True 	,-2.4e+01 	,8.97e+10 	,True 	,-2.2e+01 
14579824 	,7 	,7 	,1.70e+14 	,5.08e+12 	,True 	,-2.6e+01 	,3.97e+09 	,True 	,-1.9e+01 
14623683 	,165 	,165 	,5.54e+14 	,5.67e+12 	,True 	,-2.6e+01 	,6.33e+11 	,True 	,-2.4e+01 
14623684 	,14 	,14 	,1.13e+14 	,2.50e+12 	,True 	,-2.5e+01 	,1.90e+10 	,True 	,-2e+01 
14664682 	,274 	,274 	,7.01e+14 	,4.68e+12 	,True 	,-2.6e+01 	,1.07e+12 	,True 	,-2.4e+01 
14664685 	,13 	,13 	,9.26e+14 	,6.45e+12 	,True 	,-2.7e+01 	,5.35e+11 	,True 	,-2.3e+01 
1581127 	,1 	,1 	,5.42e+14 	,2.14e+12 	,True 	,-2.5e+01 	,7.66e+10 	,True 	,-2.2e+01 
14664720 	,1 	,1 	,2.34e+14 	,5.86e+12 	,True 	,-2.6e+01 	,1.09e+09 	,True 	,-1.7e+01 
14718371 	,219 	,219 	,6.55e+14 	,5.90e+12 	,True 	,-2.6e+01 	,8.19e+11 	,True 	,-2.4e+01 
14760358 	,293 	,293 	,7.53e+14 	,3.57e+12 	,True 	,-2.6e+01 	,1.22e+12 	,True 	,-2.4e+01 
14760359 	,42 	,42 	,2.10e+14 	,3.21e+12 	,True 	,-2.5e+01 	,2.30e+10 	,True 	,-2.1e+01 
14760360 	,12 	,12 	,1.09e+14 	,1.62e+12 	,True 	,-2.5e+01 	,2.73e+12 	,True 	,-2.5e+01 
14760364 	,12 	,12 	,1.71e+14 	,5.69e+12 	,True 	,-2.7e+01 	,8.21e+10 	,True 	,-2.1e+01 
14760365 	,5 	,5 	,1.11e+14 	,2.74e+12 	,True 	,-2.5e+01 	,6.43e+11 	,True 	,-2.4e+01 
14760415 	,2 	,2 	,1.46e+14 	,3.31e+12 	,True 	,-2.5e+01 	,8.20e+10 	,True 	,-2.1e+01 
14814156 	,230 	,230 	,5.51e+14 	,2.36e+12 	,True 	,-2.5e+01 	,4.27e+11 	,True 	,-2.3e+01 
14814158 	,14 	,14 	,1.38e+14 	,2.29e+12 	,True 	,-2.5e+01 	,2.41e+11 	,True 	,-2.2e+01 
14859514 	,231 	,231 	,6.60e+14 	,4.04e+12 	,True 	,-2.6e+01 	,9.81e+11 	,True 	,-2.4e+01 
14859520 	,6 	,6 	,1.41e+14 	,3.50e+12 	,True 	,-2.6e+01 	,3.37e+09 	,True 	,-1.8e+01 
14900038 	,261 	,261 	,6.75e+14 	,4.82e+12 	,True 	,-2.6e+01 	,1.45e+12 	,True 	,-2.4e+01 
14900039 	,31 	,31 	,3.22e+14 	,6.70e+12 	,True 	,-2.6e+01 	,1.32e+11 	,True 	,-2.2e+01 
14940417 	,224 	,224 	,5.57e+14 	,3.58e+12 	,True 	,-2.6e+01 	,5.53e+11 	,True 	,-2.3e+01 
4 	,39 	,39 	,1.41e+14 	,1.49e+12 	,True 	,-2.4e+01 	,2.77e+11 	,True 	,-2.3e+01 
1763481 	,624 	,624 	,1.61e+15 	,7.10e+12 	,True 	,-2.6e+01 	,5.23e+11 	,True 	,-2.3e+01 
14985016 	,204 	,204 	,5.56e+14 	,3.04e+12 	,True 	,-2.5e+01 	,1.28e+12 	,True 	,-2.4e+01 
14985024 	,4 	,4 	,1.27e+14 	,2.45e+12 	,True 	,-2.5e+01 	,3.59e+10 	,True 	,-2.1e+01 
1763482 	,49 	,49 	,2.02e+14 	,1.68e+12 	,True 	,-2.5e+01 	,1.47e+11 	,True 	,-2.2e+01 
15031462 	,198 	,198 	,5.65e+14 	,5.41e+12 	,True 	,-2.6e+01 	,2.61e+11 	,True 	,-2.3e+01 
15031463 	,36 	,36 	,1.31e+14 	,2.20e+12 	,True 	,-2.5e+01 	,2.91e+11 	,True 	,-2.3e+01 
15031464 	,20 	,20 	,1.53e+14 	,4.74e+12 	,True 	,-2.6e+01 	,9.93e+10 	,True 	,-2.2e+01 
15031467 	,10 	,10 	,6.14e+14 	,6.23e+12 	,True 	,-2.6e+01 	,1.57e+12 	,True 	,-2.5e+01 
15031478 	,3 	,3 	,1.54e+14 	,3.99e+12 	,True 	,-2.6e+01 	,6.39e+10 	,True 	,-2.1e+01 
15087132 	,221 	,221 	,5.95e+14 	,4.22e+12 	,True 	,-2.6e+01 	,1.88e+12 	,True 	,-2.5e+01 
1763485 	,22 	,22 	,1.01e+14 	,1.87e+12 	,True 	,-2.5e+01 	,1.18e+11 	,True 	,-2.2e+01 
15125179 	,229 	,229 	,6.34e+14 	,4.42e+12 	,True 	,-2.6e+01 	,2.77e+11 	,True 	,-2.3e+01 
15125181 	,20 	,20 	,2.18e+14 	,5.13e+12 	,True 	,-2.6e+01 	,2.84e+10 	,True 	,-2e+01 
15125182 	,20 	,20 	,1.98e+14 	,4.03e+12 	,True 	,-2.6e+01 	,5.98e+10 	,True 	,-2.1e+01 
15125208 	,1 	,1 	,1.07e+14 	,4.65e+12 	,True 	,-2.6e+01 	,5.91e+10 	,True 	,-2.1e+01 
15172951 	,229 	,229 	,5.92e+14 	,4.04e+12 	,True 	,-2.6e+01 	,2.35e+12 	,True 	,-2.5e+01 
15172955 	,11 	,11 	,1.19e+14 	,4.37e+12 	,True 	,-2.6e+01 	,6.58e+10 	,True 	,-2.1e+01 
15172970 	,3 	,3 	,1.00e+14 	,1.88e+12 	,True 	,-2.5e+01 	,1.95e+12 	,True 	,-2.6e+01 
15214679 	,243 	,243 	,6.95e+14 	,4.32e+12 	,True 	,-2.6e+01 	,9.12e+11 	,True 	,-2.4e+01 
15214680 	,74 	,74 	,7.66e+14 	,6.71e+12 	,True 	,-2.6e+01 	,1.33e+11 	,True 	,-2.2e+01 
15264704 	,253 	,253 	,6.24e+14 	,3.48e+12 	,True 	,-2.6e+01 	,1.21e+12 	,True 	,-2.4e+01 
15264705 	,28 	,28 	,2.82e+14 	,7.13e+12 	,True 	,-2.6e+01 	,2.40e+11 	,True 	,-2.3e+01 
15304907 	,134 	,134 	,3.39e+14 	,3.20e+12 	,True 	,-2.5e+01 	,1.70e+11 	,True 	,-2.2e+01 
15304908 	,30 	,30 	,5.97e+14 	,1.33e+13 	,True 	,-2.7e+01 	,1.10e+11 	,True 	,-2.2e+01 
15304912 	,3 	,3 	,1.66e+14 	,3.52e+12 	,True 	,-2.6e+01 	,4.36e+09 	,True 	,-1.9e+01 
15348580 	,219 	,219 	,6.33e+14 	,5.04e+12 	,True 	,-2.6e+01 	,1.07e+12 	,True 	,-2.4e+01 
15348582 	,12 	,12 	,1.05e+14 	,1.55e+12 	,True 	,-2.5e+01 	,9.01e+11 	,True 	,-2.5e+01 
15386285 	,189 	,189 	,5.41e+14 	,3.86e+12 	,True 	,-2.6e+01 	,4.47e+11 	,True 	,-2.3e+01 
15386286 	,27 	,27 	,1.57e+14 	,1.84e+12 	,True 	,-2.5e+01 	,1.35e+11 	,True 	,-2.2e+01 
15386290 	,10 	,10 	,1.05e+14 	,1.70e+12 	,True 	,-2.5e+01 	,4.81e+10 	,True 	,-2.1e+01 
15386300 	,4 	,4 	,8.42e+14 	,1.03e+13 	,True 	,-2.7e+01 	,9.71e+11 	,True 	,-2.4e+01 
15428207 	,223 	,223 	,6.06e+14 	,5.10e+12 	,True 	,-2.6e+01 	,1.53e+11 	,True 	,-2.2e+01 
15465516 	,286 	,286 	,7.09e+14 	,2.52e+12 	,True 	,-2.5e+01 	,5.93e+11 	,True 	,-2.4e+01 
15465518 	,8 	,8 	,1.20e+14 	,3.89e+12 	,True 	,-2.7e+01 	,9.18e+10 	,True 	,-2.2e+01 
15500142 	,212 	,212 	,6.24e+14 	,5.19e+12 	,True 	,-2.6e+01 	,5.57e+11 	,True 	,-2.3e+01 
15500144 	,22 	,22 	,1.45e+14 	,2.64e+12 	,True 	,-2.5e+01 	,8.95e+11 	,True 	,-2.4e+01 
15500145 	,20 	,20 	,1.39e+14 	,2.26e+12 	,True 	,-2.5e+01 	,6.11e+10 	,True 	,-2.1e+01 
15543062 	,300 	,300 	,6.98e+14 	,4.22e+12 	,True 	,-2.6e+01 	,5.58e+11 	,True 	,-2.3e+01 
15543063 	,20 	,20 	,1.04e+14 	,2.20e+12 	,True 	,-2.5e+01 	,4.73e+10 	,True 	,-2.1e+01 
15543148 	,1 	,1 	,3.72e+14 	,8.18e+12 	,True 	,-2.7e+01 	,5.06e+10 	,True 	,-2.1e+01 
15586138 	,228 	,228 	,5.86e+14 	,3.61e+12 	,True 	,-2.6e+01 	,2.31e+12 	,True 	,-2.5e+01 
46 	,5 	,5 	,1.46e+14 	,4.49e+12 	,True 	,-2.6e+01 	,1.07e+10 	,True 	,-1.9e+01 
1763505 	,6 	,6 	,2.39e+14 	,7.62e+12 	,True 	,-2.7e+01 	,1.21e+09 	,True 	,-1.7e+01 
15620242 	,226 	,226 	,6.45e+14 	,3.87e+12 	,True 	,-2.6e+01 	,6.89e+11 	,True 	,-2.4e+01 
15620243 	,21 	,21 	,3.94e+14 	,3.66e+12 	,True 	,-2.6e+01 	,2.30e+10 	,True 	,-2e+01 
15620244 	,27 	,27 	,3.29e+14 	,6.76e+12 	,True 	,-2.6e+01 	,4.19e+10 	,True 	,-2.1e+01 
15668851 	,203 	,203 	,5.70e+14 	,4.46e+12 	,True 	,-2.6e+01 	,2.71e+11 	,True 	,-2.3e+01 
15668853 	,25 	,25 	,3.69e+14 	,6.72e+12 	,True 	,-2.6e+01 	,4.16e+10 	,True 	,-2e+01 
15708936 	,220 	,220 	,6.08e+14 	,2.80e+12 	,True 	,-2.5e+01 	,1.06e+12 	,True 	,-2.4e+01 
15708938 	,16 	,16 	,1.24e+14 	,1.88e+12 	,True 	,-2.5e+01 	,1.55e+10 	,True 	,-2.1e+01 
15746111 	,319 	,319 	,7.27e+14 	,3.06e+12 	,True 	,-2.5e+01 	,7.09e+11 	,True 	,-2.4e+01 
15746112 	,20 	,20 	,2.03e+14 	,2.38e+12 	,True 	,-2.5e+01 	,9.34e+10 	,True 	,-2.1e+01 
15789938 	,174 	,174 	,5.52e+14 	,4.70e+12 	,True 	,-2.6e+01 	,1.67e+11 	,True 	,-2.2e+01 
15789945 	,4 	,4 	,1.35e+14 	,3.80e+12 	,True 	,-2.6e+01 	,1.10e+11 	,True 	,-2.3e+01 
15789946 	,8 	,8 	,1.32e+14 	,7.34e+11 	,True 	,-2.5e+01 	,1.63e+12 	,True 	,-2.6e+01 
15834634 	,195 	,195 	,5.79e+14 	,4.43e+12 	,True 	,-2.6e+01 	,9.89e+11 	,True 	,-2.4e+01 
15834637 	,16 	,16 	,3.34e+14 	,2.92e+12 	,True 	,-2.5e+01 	,3.45e+10 	,True 	,-2.1e+01 
15876167 	,152 	,152 	,5.07e+14 	,4.52e+12 	,True 	,-2.6e+01 	,8.34e+11 	,True 	,-2.4e+01 
15876177 	,4 	,4 	,1.09e+14 	,8.10e+11 	,True 	,-2.4e+01 	,1.12e+10 	,True 	,-2e+01 
15876184 	,5 	,5 	,3.65e+14 	,3.95e+12 	,True 	,-2.6e+01 	,1.07e+12 	,True 	,-2.5e+01 
15916351 	,194 	,194 	,4.84e+14 	,3.78e+12 	,True 	,-2.6e+01 	,6.69e+11 	,True 	,-2.4e+01 
15955034 	,239 	,239 	,5.87e+14 	,3.64e+12 	,True 	,-2.6e+01 	,3.26e+11 	,True 	,-2.3e+01 
15955042 	,7 	,7 	,1.37e+14 	,3.46e+12 	,True 	,-2.5e+01 	,1.93e+10 	,True 	,-2e+01 
15989514 	,193 	,193 	,5.10e+14 	,3.79e+12 	,True 	,-2.6e+01 	,2.68e+11 	,True 	,-2.3e+01 
15989515 	,14 	,14 	,2.38e+14 	,7.32e+12 	,True 	,-2.6e+01 	,1.77e+11 	,True 	,-2.2e+01 
15989517 	,7 	,7 	,2.05e+14 	,7.97e+12 	,True 	,-2.7e+01 	,1.66e+10 	,True 	,-2e+01 
16033074 	,276 	,276 	,7.41e+14 	,3.15e+12 	,True 	,-2.5e+01 	,1.37e+12 	,True 	,-2.4e+01 
16033075 	,33 	,33 	,1.71e+14 	,2.24e+12 	,True 	,-2.5e+01 	,1.55e+11 	,True 	,-2.2e+01 
16033076 	,19 	,19 	,1.05e+14 	,1.80e+12 	,True 	,-2.5e+01 	,1.21e+11 	,True 	,-2.2e+01 
16065958 	,156 	,156 	,4.85e+14 	,3.85e+12 	,True 	,-2.6e+01 	,9.00e+11 	,True 	,-2.4e+01 
16065970 	,12 	,12 	,1.28e+14 	,3.34e+12 	,True 	,-2.7e+01 	,6.13e+11 	,True 	,-2.4e+01 
16103108 	,224 	,224 	,5.39e+14 	,2.38e+12 	,True 	,-2.5e+01 	,2.03e+12 	,True 	,-2.5e+01 
16103113 	,14 	,14 	,1.98e+14 	,1.86e+12 	,True 	,-2.5e+01 	,1.83e+10 	,True 	,-2e+01 
1921024 	,565 	,565 	,1.68e+15 	,1.17e+13 	,True 	,-2.7e+01 	,1.07e+12 	,True 	,-2.4e+01 
16137289 	,210 	,210 	,5.55e+14 	,4.91e+12 	,True 	,-2.6e+01 	,1.50e+11 	,True 	,-2.2e+01 
16137290 	,25 	,25 	,1.20e+14 	,1.75e+12 	,True 	,-2.5e+01 	,1.11e+11 	,True 	,-2.2e+01 
1921025 	,93 	,93 	,4.11e+14 	,1.95e+12 	,True 	,-2.5e+01 	,7.47e+11 	,True 	,-2.4e+01 
16137300 	,1 	,1 	,1.14e+14 	,4.91e+12 	,True 	,-2.7e+01 	,2.46e+09 	,True 	,-1.8e+01 
1921026 	,37 	,37 	,1.04e+14 	,1.02e+12 	,True 	,-2.4e+01 	,1.38e+11 	,True 	,-2.2e+01 
16171546 	,234 	,234 	,6.44e+14 	,3.73e+12 	,True 	,-2.6e+01 	,2.76e+12 	,True 	,-2.6e+01 
16171547 	,20 	,20 	,1.02e+14 	,1.64e+12 	,True 	,-2.5e+01 	,9.52e+10 	,True 	,-2.2e+01 
16171556 	,5 	,5 	,1.65e+14 	,5.84e+12 	,True 	,-2.6e+01 	,1.03e+08 	,True 	,-1.5e+01 
16207140 	,152 	,152 	,5.48e+14 	,8.08e+12 	,True 	,-2.8e+01 	,2.54e+11 	,True 	,-2.3e+01 
16207141 	,13 	,13 	,1.84e+14 	,4.56e+12 	,True 	,-2.6e+01 	,9.35e+10 	,True 	,-2.2e+01 
16207155 	,7 	,7 	,4.50e+14 	,5.23e+11 	,True 	,-2.4e+01 	,2.69e+12 	,True 	,-2.6e+01 
16242314 	,113 	,113 	,3.53e+14 	,3.95e+12 	,True 	,-2.6e+01 	,1.17e+11 	,True 	,-2.2e+01 
16276166 	,149 	,149 	,4.22e+14 	,3.34e+12 	,True 	,-2.5e+01 	,4.68e+11 	,True 	,-2.3e+01 
16276167 	,40 	,40 	,2.63e+14 	,7.11e+12 	,True 	,-2.6e+01 	,1.39e+11 	,True 	,-2.2e+01 
16311240 	,224 	,224 	,5.40e+14 	,3.60e+12 	,True 	,-2.6e+01 	,4.16e+11 	,True 	,-2.3e+01 
16311241 	,32 	,32 	,4.09e+14 	,7.50e+12 	,True 	,-2.7e+01 	,3.63e+11 	,True 	,-2.3e+01 
16348359 	,206 	,206 	,5.65e+14 	,2.54e+12 	,True 	,-2.5e+01 	,5.95e+11 	,True 	,-2.4e+01 
16376258 	,190 	,190 	,5.20e+14 	,4.29e+12 	,True 	,-2.6e+01 	,3.57e+11 	,True 	,-2.3e+01 
16376259 	,46 	,46 	,8.42e+14 	,7.62e+12 	,True 	,-2.7e+01 	,3.61e+11 	,True 	,-2.3e+01 
16376260 	,19 	,19 	,1.19e+14 	,3.69e+12 	,True 	,-2.6e+01 	,1.48e+11 	,True 	,-2.2e+01 
16376261 	,13 	,13 	,1.06e+14 	,2.74e+12 	,True 	,-2.6e+01 	,5.89e+10 	,True 	,-2.1e+01 
16376263 	,8 	,8 	,1.29e+14 	,2.20e+12 	,True 	,-2.5e+01 	,1.43e+10 	,True 	,-2e+01 
16420527 	,190 	,190 	,5.51e+14 	,4.50e+12 	,True 	,-2.6e+01 	,2.13e+11 	,True 	,-2.3e+01 
16420531 	,9 	,9 	,1.40e+14 	,2.26e+12 	,True 	,-2.5e+01 	,6.67e+09 	,True 	,-1.9e+01 
16460046 	,200 	,200 	,5.03e+14 	,3.57e+12 	,True 	,-2.6e+01 	,3.99e+11 	,True 	,-2.3e+01 
16460048 	,19 	,19 	,2.10e+14 	,6.17e+12 	,True 	,-2.6e+01 	,1.13e+11 	,True 	,-2.2e+01 
16460130 	,1 	,1 	,2.51e+14 	,4.64e+12 	,True 	,-2.7e+01 	,3.13e+11 	,True 	,-2.3e+01 
16493902 	,184 	,184 	,4.82e+14 	,4.68e+12 	,True 	,-2.6e+01 	,2.65e+11 	,True 	,-2.3e+01 
16493904 	,13 	,13 	,1.13e+14 	,7.84e+11 	,True 	,-2.4e+01 	,7.99e+11 	,True 	,-2.5e+01 
16529449 	,156 	,156 	,4.04e+14 	,2.86e+12 	,True 	,-2.5e+01 	,4.98e+11 	,True 	,-2.3e+01 
1921039 	,18 	,18 	,2.09e+14 	,2.49e+12 	,True 	,-2.5e+01 	,2.45e+10 	,True 	,-2e+01 
16561645 	,191 	,191 	,5.94e+14 	,4.41e+12 	,True 	,-2.6e+01 	,1.88e+12 	,True 	,-2.5e+01 
16561651 	,12 	,12 	,1.15e+14 	,2.81e+12 	,True 	,-2.6e+01 	,5.22e+10 	,True 	,-2.1e+01 
16596897 	,143 	,143 	,4.20e+14 	,5.23e+12 	,True 	,-2.6e+01 	,2.07e+11 	,True 	,-2.2e+01 
16596898 	,60 	,60 	,2.88e+14 	,3.28e+12 	,True 	,-2.6e+01 	,2.38e+11 	,True 	,-2.3e+01 
16596900 	,13 	,13 	,1.29e+14 	,3.53e+12 	,True 	,-2.6e+01 	,7.69e+10 	,True 	,-2.2e+01 
16634007 	,236 	,236 	,5.82e+14 	,2.72e+12 	,True 	,-2.5e+01 	,1.16e+12 	,True 	,-2.4e+01 
16634008 	,37 	,37 	,1.53e+14 	,2.93e+12 	,True 	,-2.5e+01 	,2.60e+11 	,True 	,-2.3e+01 
16665012 	,195 	,195 	,5.11e+14 	,3.61e+12 	,True 	,-2.6e+01 	,4.77e+11 	,True 	,-2.3e+01 
16665013 	,49 	,49 	,2.16e+14 	,2.25e+12 	,True 	,-2.5e+01 	,2.10e+12 	,True 	,-2.5e+01 
16699050 	,242 	,242 	,5.85e+14 	,2.40e+12 	,True 	,-2.5e+01 	,1.29e+12 	,True 	,-2.4e+01 
16699051 	,31 	,31 	,3.45e+14 	,6.56e+12 	,True 	,-2.6e+01 	,6.39e+10 	,True 	,-2.1e+01 
16731208 	,184 	,184 	,5.31e+14 	,5.79e+12 	,True 	,-2.6e+01 	,4.97e+11 	,True 	,-2.3e+01 
16762704 	,132 	,132 	,4.11e+14 	,2.33e+12 	,True 	,-2.5e+01 	,1.19e+12 	,True 	,-2.4e+01 
16762706 	,27 	,27 	,2.06e+14 	,3.77e+12 	,True 	,-2.6e+01 	,3.90e+10 	,True 	,-2.1e+01 
16796850 	,181 	,181 	,4.68e+14 	,3.26e+12 	,True 	,-2.5e+01 	,4.87e+11 	,True 	,-2.3e+01 
16796851 	,17 	,17 	,1.32e+14 	,7.66e+11 	,True 	,-2.5e+01 	,4.52e+10 	,True 	,-2.1e+01 
16831490 	,150 	,150 	,4.48e+14 	,3.62e+12 	,True 	,-2.5e+01 	,5.62e+11 	,True 	,-2.3e+01 
16860243 	,205 	,205 	,5.60e+14 	,2.50e+12 	,True 	,-2.5e+01 	,5.36e+11 	,True 	,-2.4e+01 
16860244 	,28 	,28 	,1.42e+14 	,2.29e+12 	,True 	,-2.5e+01 	,2.01e+11 	,True 	,-2.3e+01 
16860246 	,17 	,17 	,1.07e+14 	,2.40e+12 	,True 	,-2.5e+01 	,6.18e+10 	,True 	,-2.1e+01 
16860354 	,1 	,1 	,1.61e+14 	,3.96e+12 	,True 	,-2.6e+01 	,1.90e+11 	,True 	,-2.3e+01 
16892124 	,189 	,189 	,4.67e+14 	,1.83e+12 	,True 	,-2.5e+01 	,9.40e+11 	,True 	,-2.4e+01 
16921354 	,160 	,160 	,4.39e+14 	,3.78e+12 	,True 	,-2.6e+01 	,1.00e+11 	,True 	,-2.2e+01 
16951023 	,134 	,134 	,3.45e+14 	,3.21e+12 	,True 	,-2.5e+01 	,1.64e+11 	,True 	,-2.2e+01 
16976876 	,121 	,121 	,3.12e+14 	,2.64e+12 	,True 	,-2.5e+01 	,5.54e+11 	,True 	,-2.3e+01 
16976878 	,24 	,24 	,1.25e+14 	,2.72e+12 	,True 	,-2.6e+01 	,3.29e+10 	,True 	,-2.1e+01 
16976879 	,21 	,21 	,1.75e+14 	,3.31e+12 	,True 	,-2.6e+01 	,1.32e+11 	,True 	,-2.2e+01 
17008669 	,165 	,165 	,4.46e+14 	,3.84e+12 	,True 	,-2.6e+01 	,2.93e+11 	,True 	,-2.3e+01 
17037164 	,201 	,201 	,5.14e+14 	,5.38e+12 	,True 	,-2.6e+01 	,2.20e+11 	,True 	,-2.3e+01 
17037178 	,2 	,2 	,1.23e+14 	,5.76e+12 	,True 	,-2.7e+01 	,1.02e+11 	,True 	,-2.2e+01 
17068674 	,206 	,206 	,4.57e+14 	,3.07e+12 	,True 	,-2.5e+01 	,3.71e+11 	,True 	,-2.3e+01 
17068675 	,16 	,16 	,1.08e+14 	,1.13e+12 	,True 	,-2.4e+01 	,6.34e+10 	,True 	,-2.2e+01 
2069291 	,468 	,468 	,1.43e+15 	,1.08e+13 	,True 	,-2.7e+01 	,1.17e+12 	,True 	,-2.4e+01 
17098902 	,141 	,141 	,4.43e+14 	,3.27e+12 	,True 	,-2.5e+01 	,5.40e+11 	,True 	,-2.3e+01 
17129688 	,68 	,68 	,2.27e+14 	,1.66e+12 	,True 	,-2.5e+01 	,1.20e+12 	,True 	,-2.4e+01 
17129689 	,32 	,32 	,2.81e+14 	,6.93e+12 	,True 	,-2.6e+01 	,9.57e+10 	,True 	,-2.2e+01 
17129690 	,23 	,23 	,1.14e+14 	,2.49e+12 	,True 	,-2.5e+01 	,1.76e+10 	,True 	,-2e+01 
17129692 	,31 	,31 	,1.83e+14 	,2.61e+12 	,True 	,-2.5e+01 	,1.18e+11 	,True 	,-2.2e+01 
17164637 	,211 	,211 	,4.74e+14 	,2.34e+12 	,True 	,-2.5e+01 	,7.89e+11 	,True 	,-2.4e+01 
17164638 	,7 	,7 	,1.69e+14 	,5.41e+12 	,True 	,-2.6e+01 	,6.50e+10 	,True 	,-2.1e+01 
17195160 	,163 	,163 	,5.13e+14 	,4.12e+12 	,True 	,-2.6e+01 	,5.89e+11 	,True 	,-2.3e+01 
17222002 	,160 	,160 	,4.26e+14 	,3.80e+12 	,True 	,-2.6e+01 	,8.12e+11 	,True 	,-2.4e+01 
17222003 	,24 	,24 	,1.38e+14 	,1.74e+12 	,True 	,-2.5e+01 	,1.26e+12 	,True 	,-2.4e+01 
17250499 	,101 	,101 	,2.47e+14 	,2.60e+12 	,True 	,-2.5e+01 	,1.32e+11 	,True 	,-2.2e+01 
17250500 	,23 	,23 	,1.61e+14 	,1.71e+12 	,True 	,-2.5e+01 	,3.11e+12 	,True 	,-2.5e+01 
17250503 	,5 	,5 	,1.55e+14 	,5.82e+12 	,True 	,-2.6e+01 	,9.09e+10 	,True 	,-2.2e+01 
17283893 	,162 	,162 	,4.30e+14 	,3.32e+12 	,True 	,-2.5e+01 	,1.79e+12 	,True 	,-2.5e+01 
17283894 	,33 	,33 	,2.62e+14 	,3.31e+12 	,True 	,-2.5e+01 	,2.06e+11 	,True 	,-2.2e+01 
17283896 	,17 	,17 	,8.28e+14 	,9.16e+12 	,True 	,-2.7e+01 	,4.81e+09 	,True 	,-1.9e+01 
17283900 	,1 	,1 	,1.45e+14 	,4.43e+12 	,True 	,-2.6e+01 	,1.37e+10 	,True 	,-2e+01 
17315353 	,165 	,165 	,4.05e+14 	,1.53e+12 	,True 	,-2.5e+01 	,1.34e+12 	,True 	,-2.4e+01 
17315354 	,59 	,59 	,1.58e+14 	,1.05e+12 	,True 	,-2.4e+01 	,1.30e+11 	,True 	,-2.2e+01 
17315356 	,14 	,14 	,3.64e+14 	,9.15e+12 	,True 	,-2.7e+01 	,2.99e+10 	,True 	,-2e+01 
17352215 	,185 	,185 	,4.45e+14 	,3.20e+12 	,True 	,-2.5e+01 	,2.86e+11 	,True 	,-2.3e+01 
17352216 	,26 	,26 	,2.02e+14 	,1.92e+12 	,True 	,-2.5e+01 	,2.53e+12 	,True 	,-2.5e+01 
17382530 	,159 	,159 	,4.44e+14 	,3.50e+12 	,True 	,-2.5e+01 	,6.10e+11 	,True 	,-2.4e+01 
17382534 	,15 	,15 	,4.63e+14 	,6.44e+12 	,True 	,-2.7e+01 	,2.80e+12 	,True 	,-2.6e+01 
17382535 	,6 	,6 	,1.62e+14 	,6.86e+12 	,True 	,-2.7e+01 	,1.03e+11 	,True 	,-2.2e+01 
17411815 	,92 	,92 	,2.61e+14 	,2.59e+12 	,True 	,-2.5e+01 	,2.29e+11 	,True 	,-2.3e+01 
17440255 	,122 	,122 	,3.58e+14 	,3.12e+12 	,True 	,-2.5e+01 	,4.44e+11 	,True 	,-2.3e+01 
17440258 	,20 	,20 	,1.41e+14 	,9.91e+11 	,True 	,-2.4e+01 	,3.44e+10 	,True 	,-2.1e+01 
17440273 	,3 	,3 	,1.32e+14 	,3.37e+12 	,True 	,-2.6e+01 	,1.94e+11 	,True 	,-2.3e+01 
17469179 	,184 	,184 	,4.92e+14 	,2.81e+12 	,True 	,-2.5e+01 	,8.35e+11 	,True 	,-2.4e+01 
17469180 	,11 	,11 	,1.57e+14 	,2.12e+12 	,True 	,-2.5e+01 	,2.17e+10 	,True 	,-2e+01 
17469184 	,7 	,7 	,8.29e+14 	,1.02e+13 	,True 	,-2.7e+01 	,1.83e+09 	,True 	,-1.8e+01 
17503683 	,150 	,150 	,4.18e+14 	,2.92e+12 	,True 	,-2.5e+01 	,4.04e+11 	,True 	,-2.3e+01 
17503684 	,16 	,16 	,2.66e+14 	,2.31e+12 	,True 	,-2.6e+01 	,1.50e+12 	,True 	,-2.5e+01 
17503687 	,5 	,5 	,1.77e+14 	,6.59e+12 	,True 	,-2.6e+01 	,7.64e+11 	,True 	,-2.5e+01 
2069307 	,6 	,6 	,1.37e+14 	,2.96e+12 	,True 	,-2.5e+01 	,4.02e+10 	,True 	,-2.1e+01 
17534833 	,154 	,154 	,4.21e+14 	,3.18e+12 	,True 	,-2.5e+01 	,7.04e+11 	,True 	,-2.4e+01 
17560743 	,137 	,137 	,4.33e+14 	,5.44e+12 	,True 	,-2.6e+01 	,4.71e+11 	,True 	,-2.3e+01 
17589327 	,104 	,104 	,2.93e+14 	,3.30e+12 	,True 	,-2.5e+01 	,1.32e+11 	,True 	,-2.2e+01 
17589328 	,13 	,13 	,1.42e+14 	,3.78e+12 	,True 	,-2.6e+01 	,4.78e+10 	,True 	,-2.1e+01 
17613539 	,152 	,152 	,3.70e+14 	,3.80e+12 	,True 	,-2.6e+01 	,1.07e+11 	,True 	,-2.2e+01 
17613543 	,5 	,5 	,1.11e+14 	,4.65e+12 	,True 	,-2.6e+01 	,5.94e+10 	,True 	,-2.1e+01 
2069317 	,6 	,6 	,1.11e+14 	,3.15e+12 	,True 	,-2.5e+01 	,2.92e+10 	,True 	,-2e+01 
17645096 	,142 	,142 	,4.37e+14 	,3.90e+12 	,True 	,-2.6e+01 	,3.19e+11 	,True 	,-2.3e+01 
2069319 	,6 	,6 	,2.36e+14 	,3.47e+12 	,True 	,-2.6e+01 	,1.39e+12 	,True 	,-2.5e+01 
17672515 	,131 	,131 	,3.65e+14 	,4.43e+12 	,True 	,-2.6e+01 	,2.06e+11 	,True 	,-2.2e+01 
17672516 	,24 	,24 	,3.25e+14 	,3.17e+12 	,True 	,-2.6e+01 	,3.93e+12 	,True 	,-2.6e+01 
17704708 	,151 	,151 	,4.24e+14 	,3.92e+12 	,True 	,-2.6e+01 	,2.22e+11 	,True 	,-2.3e+01 
17704709 	,32 	,32 	,2.20e+14 	,4.41e+12 	,True 	,-2.6e+01 	,1.82e+11 	,True 	,-2.3e+01 
17704713 	,4 	,4 	,1.06e+14 	,2.66e+12 	,True 	,-2.6e+01 	,6.54e+11 	,True 	,-2.4e+01 
17704791 	,1 	,1 	,1.27e+14 	,1.71e+12 	,True 	,-2.6e+01 	,1.05e+09 	,True 	,-1.7e+01 
17735014 	,129 	,129 	,3.41e+14 	,2.59e+12 	,True 	,-2.5e+01 	,6.61e+11 	,True 	,-2.4e+01 
17759338 	,115 	,115 	,3.66e+14 	,3.94e+12 	,True 	,-2.6e+01 	,7.03e+11 	,True 	,-2.4e+01 
17784892 	,130 	,130 	,3.36e+14 	,2.28e+12 	,True 	,-2.5e+01 	,4.69e+11 	,True 	,-2.3e+01 
17784893 	,77 	,77 	,3.80e+14 	,3.83e+12 	,True 	,-2.6e+01 	,1.71e+12 	,True 	,-2.5e+01 
17812828 	,95 	,95 	,2.88e+14 	,2.38e+12 	,True 	,-2.5e+01 	,6.43e+11 	,True 	,-2.4e+01 
17838922 	,124 	,124 	,3.91e+14 	,3.55e+12 	,True 	,-2.5e+01 	,1.47e+11 	,True 	,-2.2e+01 
17838924 	,18 	,18 	,1.63e+14 	,4.28e+12 	,True 	,-2.6e+01 	,3.55e+10 	,True 	,-2e+01 
17869429 	,184 	,184 	,4.30e+14 	,3.12e+12 	,True 	,-2.5e+01 	,3.89e+11 	,True 	,-2.3e+01 
17869430 	,30 	,30 	,2.46e+14 	,5.80e+12 	,True 	,-2.6e+01 	,1.02e+11 	,True 	,-2.2e+01 
17869431 	,8 	,8 	,1.91e+14 	,2.62e+12 	,True 	,-2.6e+01 	,1.02e+10 	,True 	,-1.9e+01 
17869433 	,14 	,14 	,2.24e+14 	,6.75e+12 	,True 	,-2.7e+01 	,7.91e+10 	,True 	,-2.1e+01 
2069403 	,2 	,2 	,1.09e+14 	,3.91e+12 	,True 	,-2.6e+01 	,5.34e+10 	,True 	,-2.1e+01 
17902774 	,143 	,143 	,4.46e+14 	,3.57e+12 	,True 	,-2.5e+01 	,2.20e+11 	,True 	,-2.3e+01 
17902778 	,2 	,2 	,2.06e+14 	,7.77e+12 	,True 	,-2.7e+01 	,6.22e+08 	,True 	,-1.7e+01 
17927695 	,143 	,143 	,4.06e+14 	,3.77e+12 	,True 	,-2.6e+01 	,3.55e+11 	,True 	,-2.3e+01 
17927696 	,20 	,20 	,1.02e+14 	,9.17e+11 	,True 	,-2.4e+01 	,3.50e+10 	,True 	,-2.1e+01 
17950429 	,64 	,64 	,1.92e+14 	,1.93e+12 	,True 	,-2.5e+01 	,4.23e+11 	,True 	,-2.4e+01 
17950434 	,6 	,6 	,2.49e+14 	,5.27e+12 	,True 	,-2.7e+01 	,1.92e+12 	,True 	,-2.6e+01 
17950471 	,1 	,1 	,8.97e+14 	,7.58e+12 	,True 	,-2.8e+01 	,3.81e+11 	,True 	,-2.3e+01 
17983895 	,161 	,161 	,4.15e+14 	,2.56e+12 	,True 	,-2.5e+01 	,6.17e+11 	,True 	,-2.4e+01 
17983896 	,10 	,10 	,1.10e+14 	,3.75e+12 	,True 	,-2.6e+01 	,3.01e+10 	,True 	,-2e+01 
17983900 	,7 	,7 	,1.54e+14 	,6.14e+12 	,True 	,-2.6e+01 	,1.96e+09 	,True 	,-1.8e+01 
18007868 	,120 	,120 	,3.56e+14 	,2.11e+12 	,True 	,-2.5e+01 	,1.04e+12 	,True 	,-2.4e+01 
2213486 	,687 	,687 	,1.93e+15 	,9.52e+12 	,True 	,-2.7e+01 	,1.53e+12 	,True 	,-2.4e+01 
18031884 	,146 	,146 	,3.97e+14 	,3.26e+12 	,True 	,-2.5e+01 	,3.71e+11 	,True 	,-2.3e+01 
18031885 	,14 	,14 	,1.06e+14 	,1.58e+12 	,True 	,-2.5e+01 	,3.90e+10 	,True 	,-2.1e+01 
2213487 	,100 	,100 	,5.03e+14 	,2.21e+10 	,True 	,-2e+01 	,1.64e+11 	,True 	,-2.2e+01 
18057470 	,149 	,149 	,3.89e+14 	,2.97e+12 	,True 	,-2.5e+01 	,4.62e+11 	,True 	,-2.3e+01 
2213488 	,97 	,97 	,5.40e+14 	,7.44e+12 	,True 	,-2.6e+01 	,4.84e+11 	,True 	,-2.3e+01 
18057501 	,2 	,2 	,2.34e+14 	,5.02e+12 	,True 	,-2.6e+01 	,2.16e+09 	,True 	,-1.8e+01 
18083780 	,114 	,114 	,3.61e+14 	,3.78e+12 	,True 	,-2.6e+01 	,2.27e+11 	,True 	,-2.2e+01 
18083781 	,20 	,20 	,1.01e+14 	,2.03e+12 	,True 	,-2.5e+01 	,1.05e+11 	,True 	,-2.3e+01 
2213489 	,53 	,53 	,2.65e+14 	,3.04e+12 	,True 	,-2.5e+01 	,5.96e+11 	,True 	,-2.4e+01 
18083782 	,9 	,9 	,2.21e+14 	,7.45e+12 	,True 	,-2.6e+01 	,4.83e+10 	,True 	,-2.2e+01 
18083789 	,5 	,5 	,3.04e+14 	,7.96e+12 	,True 	,-2.7e+01 	,7.59e+11 	,True 	,-2.4e+01 
18115595 	,167 	,167 	,4.02e+14 	,1.94e+12 	,True 	,-2.5e+01 	,5.43e+11 	,True 	,-2.3e+01 
18143062 	,132 	,132 	,4.12e+14 	,4.20e+12 	,True 	,-2.6e+01 	,4.87e+11 	,True 	,-2.3e+01 
18143063 	,29 	,29 	,2.65e+14 	,1.83e+12 	,True 	,-2.5e+01 	,5.49e+10 	,True 	,-2.1e+01 
18168907 	,168 	,168 	,3.79e+14 	,1.98e+12 	,True 	,-2.5e+01 	,1.35e+12 	,True 	,-2.4e+01 
18193714 	,117 	,117 	,3.50e+14 	,4.44e+12 	,True 	,-2.6e+01 	,1.31e+11 	,True 	,-2.2e+01 
18215742 	,107 	,107 	,3.37e+14 	,2.35e+12 	,True 	,-2.5e+01 	,1.44e+12 	,True 	,-2.5e+01 
18235846 	,106 	,106 	,3.13e+14 	,2.73e+12 	,True 	,-2.5e+01 	,2.50e+12 	,True 	,-2.5e+01 
18235858 	,2 	,2 	,1.22e+14 	,4.02e+12 	,True 	,-2.7e+01 	,2.03e+10 	,True 	,-2e+01 
18259461 	,128 	,128 	,3.24e+14 	,2.27e+12 	,True 	,-2.5e+01 	,8.98e+11 	,True 	,-2.4e+01 
18259462 	,29 	,29 	,1.45e+14 	,2.64e+12 	,True 	,-2.5e+01 	,8.64e+10 	,True 	,-2.1e+01 
18259463 	,21 	,21 	,2.01e+14 	,6.28e+12 	,True 	,-2.6e+01 	,4.32e+10 	,True 	,-2.1e+01 
18285440 	,124 	,124 	,3.22e+14 	,1.75e+12 	,True 	,-2.5e+01 	,4.17e+11 	,True 	,-2.3e+01 
18305929 	,115 	,115 	,3.86e+14 	,4.23e+12 	,True 	,-2.6e+01 	,3.72e+11 	,True 	,-2.3e+01 
18326474 	,124 	,124 	,3.26e+14 	,2.93e+12 	,True 	,-2.5e+01 	,1.02e+12 	,True 	,-2.4e+01 
18326475 	,18 	,18 	,2.52e+14 	,4.32e+12 	,True 	,-2.6e+01 	,2.90e+11 	,True 	,-2.3e+01 
18351627 	,158 	,158 	,3.63e+14 	,1.90e+12 	,True 	,-2.5e+01 	,8.01e+11 	,True 	,-2.4e+01 
18373383 	,117 	,117 	,2.95e+14 	,2.55e+12 	,True 	,-2.5e+01 	,2.27e+11 	,True 	,-2.3e+01 
18373384 	,15 	,15 	,9.04e+14 	,1.09e+13 	,True 	,-2.7e+01 	,3.55e+11 	,True 	,-2.3e+01 
18373388 	,5 	,5 	,3.54e+14 	,6.24e+12 	,True 	,-2.6e+01 	,2.25e+10 	,True 	,-2e+01 
18399944 	,149 	,149 	,3.77e+14 	,2.16e+12 	,True 	,-2.5e+01 	,4.60e+11 	,True 	,-2.3e+01 
18399946 	,12 	,12 	,1.10e+14 	,2.52e+12 	,True 	,-2.5e+01 	,4.00e+10 	,True 	,-2.1e+01 
18421126 	,113 	,113 	,3.45e+14 	,4.62e+12 	,True 	,-2.6e+01 	,1.11e+11 	,True 	,-2.2e+01 
18421127 	,18 	,18 	,2.62e+14 	,8.09e+12 	,True 	,-2.6e+01 	,1.68e+10 	,True 	,-2e+01 
18445260 	,141 	,141 	,3.67e+14 	,3.01e+12 	,True 	,-2.6e+01 	,2.94e+11 	,True 	,-2.3e+01 
18445261 	,25 	,25 	,1.97e+14 	,3.95e+12 	,True 	,-2.6e+01 	,8.21e+09 	,True 	,-1.9e+01 
18445262 	,6 	,6 	,1.29e+14 	,4.69e+12 	,True 	,-2.6e+01 	,9.52e+08 	,True 	,-1.7e+01 
18464818 	,124 	,124 	,3.03e+14 	,2.81e+12 	,True 	,-2.5e+01 	,4.11e+11 	,True 	,-2.3e+01 
18464819 	,35 	,35 	,3.68e+14 	,5.95e+12 	,True 	,-2.6e+01 	,3.05e+10 	,True 	,-2.2e+01 
18491313 	,132 	,132 	,3.33e+14 	,3.12e+12 	,True 	,-2.5e+01 	,2.27e+11 	,True 	,-2.3e+01 
18512862 	,109 	,109 	,2.58e+14 	,2.39e+12 	,True 	,-2.5e+01 	,1.72e+11 	,True 	,-2.2e+01 
18512867 	,3 	,3 	,1.55e+14 	,4.43e+12 	,True 	,-2.6e+01 	,2.58e+10 	,True 	,-2.1e+01 
18539098 	,94 	,94 	,2.99e+14 	,1.82e+12 	,True 	,-2.5e+01 	,1.00e+12 	,True 	,-2.4e+01 
18558842 	,137 	,137 	,3.28e+14 	,3.09e+12 	,True 	,-2.5e+01 	,1.89e+11 	,True 	,-2.3e+01 
18558843 	,10 	,10 	,1.32e+14 	,3.19e+12 	,True 	,-2.6e+01 	,4.84e+10 	,True 	,-2.2e+01 
18579555 	,128 	,128 	,3.56e+14 	,4.26e+12 	,True 	,-2.6e+01 	,9.77e+10 	,True 	,-2.2e+01 
18579557 	,15 	,15 	,1.51e+14 	,3.84e+12 	,True 	,-2.6e+01 	,2.02e+10 	,True 	,-2.1e+01 
18579558 	,16 	,16 	,1.12e+14 	,3.37e+12 	,True 	,-2.6e+01 	,5.52e+10 	,True 	,-2.1e+01 
18602073 	,124 	,124 	,3.34e+14 	,3.16e+12 	,True 	,-2.5e+01 	,2.00e+11 	,True 	,-2.2e+01 
18602076 	,7 	,7 	,2.75e+14 	,8.76e+12 	,True 	,-2.7e+01 	,1.83e+10 	,True 	,-2e+01 
18602083 	,6 	,6 	,1.22e+14 	,4.95e+12 	,True 	,-2.7e+01 	,4.99e+08 	,True 	,-1.7e+01 
18624090 	,113 	,113 	,2.70e+14 	,2.70e+12 	,True 	,-2.5e+01 	,5.31e+11 	,True 	,-2.3e+01 
18643420 	,99 	,99 	,3.23e+14 	,2.42e+12 	,True 	,-2.5e+01 	,1.44e+12 	,True 	,-2.4e+01 
2213531 	,4 	,4 	,1.31e+14 	,4.11e+12 	,True 	,-2.6e+01 	,8.66e+09 	,True 	,-1.9e+01 
18663609 	,89 	,89 	,2.70e+14 	,3.11e+12 	,True 	,-2.5e+01 	,2.50e+11 	,True 	,-2.3e+01 
18663612 	,7 	,7 	,1.82e+14 	,5.14e+12 	,True 	,-2.6e+01 	,8.27e+10 	,True 	,-2.1e+01 
18685064 	,148 	,148 	,2.72e+14 	,1.90e+12 	,True 	,-2.5e+01 	,6.13e+10 	,True 	,-2.1e+01 
18685065 	,25 	,25 	,2.43e+14 	,4.32e+12 	,True 	,-2.6e+01 	,2.68e+12 	,True 	,-2.6e+01 
18706787 	,158 	,158 	,3.70e+14 	,1.92e+12 	,True 	,-2.5e+01 	,1.18e+12 	,True 	,-2.4e+01 
18706789 	,6 	,6 	,1.24e+14 	,1.85e+12 	,True 	,-2.5e+01 	,4.61e+10 	,True 	,-2.1e+01 
18727320 	,98 	,98 	,3.10e+14 	,1.89e+12 	,True 	,-2.5e+01 	,3.68e+11 	,True 	,-2.3e+01 
18750520 	,106 	,106 	,3.20e+14 	,2.22e+12 	,True 	,-2.5e+01 	,8.15e+11 	,True 	,-2.4e+01 
18750521 	,23 	,23 	,1.73e+14 	,2.67e+12 	,True 	,-2.6e+01 	,6.49e+10 	,True 	,-2.1e+01 
18750524 	,8 	,8 	,1.61e+14 	,4.77e+12 	,True 	,-2.6e+01 	,4.61e+09 	,True 	,-1.9e+01 
18771334 	,93 	,93 	,3.39e+14 	,4.96e+12 	,True 	,-2.7e+01 	,2.48e+11 	,True 	,-2.3e+01 
18771341 	,1 	,1 	,1.00e+14 	,4.73e+12 	,True 	,-2.6e+01 	,5.69e+08 	,True 	,-1.6e+01 
18788090 	,89 	,89 	,2.75e+14 	,3.58e+12 	,True 	,-2.5e+01 	,3.63e+10 	,True 	,-2e+01 
18788091 	,14 	,14 	,2.62e+14 	,8.60e+12 	,True 	,-2.6e+01 	,4.26e+10 	,True 	,-2.1e+01 
18809506 	,109 	,109 	,2.86e+14 	,1.77e+12 	,True 	,-2.5e+01 	,7.56e+11 	,True 	,-2.4e+01 
18827654 	,87 	,87 	,2.12e+14 	,1.34e+12 	,True 	,-2.5e+01 	,8.42e+11 	,True 	,-2.4e+01 
18827655 	,24 	,24 	,3.23e+14 	,6.64e+12 	,True 	,-2.6e+01 	,1.81e+11 	,True 	,-2.2e+01 
18851017 	,115 	,115 	,3.18e+14 	,2.63e+12 	,True 	,-2.5e+01 	,6.48e+11 	,True 	,-2.4e+01 
2380799 	,725 	,725 	,2.18e+15 	,1.22e+13 	,True 	,-2.7e+01 	,2.70e+12 	,True 	,-2.5e+01 
18867961 	,106 	,106 	,2.68e+14 	,2.52e+12 	,True 	,-2.5e+01 	,5.72e+11 	,True 	,-2.3e+01 
18867962 	,21 	,21 	,1.74e+14 	,5.54e+12 	,True 	,-2.6e+01 	,5.65e+10 	,True 	,-2.1e+01 
18887856 	,113 	,113 	,3.01e+14 	,1.87e+12 	,True 	,-2.5e+01 	,7.19e+11 	,True 	,-2.4e+01 
2380800 	,38 	,38 	,1.23e+14 	,1.41e+12 	,True 	,-2.5e+01 	,2.05e+11 	,True 	,-2.3e+01 
18887861 	,9 	,9 	,1.18e+14 	,1.45e+12 	,True 	,-2.5e+01 	,8.44e+10 	,True 	,-2.1e+01 
18908963 	,103 	,103 	,2.57e+14 	,1.46e+12 	,True 	,-2.5e+01 	,3.77e+11 	,True 	,-2.3e+01 
2380801 	,43 	,43 	,2.78e+14 	,4.37e+12 	,True 	,-2.6e+01 	,2.64e+11 	,True 	,-2.3e+01 
18929622 	,82 	,82 	,2.83e+14 	,3.11e+12 	,True 	,-2.7e+01 	,1.65e+11 	,True 	,-2.2e+01 
18929625 	,5 	,5 	,1.03e+14 	,3.57e+12 	,True 	,-2.6e+01 	,5.10e+08 	,True 	,-1.7e+01 
18948062 	,81 	,81 	,2.83e+14 	,2.97e+12 	,True 	,-2.5e+01 	,1.72e+11 	,True 	,-2.2e+01 
18948063 	,38 	,38 	,2.97e+14 	,5.70e+12 	,True 	,-2.6e+01 	,2.25e+11 	,True 	,-2.2e+01 
18969218 	,123 	,123 	,2.70e+14 	,2.15e+12 	,True 	,-2.5e+01 	,2.88e+11 	,True 	,-2.3e+01 
18989886 	,109 	,109 	,2.80e+14 	,1.42e+12 	,True 	,-2.5e+01 	,6.41e+11 	,True 	,-2.4e+01 
2380804 	,38 	,38 	,2.53e+14 	,4.73e+12 	,True 	,-2.6e+01 	,1.38e+11 	,True 	,-2.2e+01 
19007993 	,121 	,121 	,2.92e+14 	,1.64e+12 	,True 	,-2.5e+01 	,9.34e+11 	,True 	,-2.4e+01 
19007994 	,22 	,22 	,1.03e+14 	,2.09e+12 	,True 	,-2.5e+01 	,3.23e+10 	,True 	,-2.1e+01 
19007996 	,15 	,15 	,2.07e+14 	,4.78e+12 	,True 	,-2.6e+01 	,3.84e+10 	,True 	,-2.1e+01 
19030246 	,89 	,89 	,2.56e+14 	,2.19e+12 	,True 	,-2.5e+01 	,2.26e+11 	,True 	,-2.2e+01 
19048967 	,91 	,91 	,2.63e+14 	,2.64e+12 	,True 	,-2.5e+01 	,9.21e+10 	,True 	,-2.1e+01 
19063700 	,104 	,104 	,2.73e+14 	,2.68e+12 	,True 	,-2.5e+01 	,2.40e+11 	,True 	,-2.3e+01 
19082221 	,103 	,103 	,2.56e+14 	,2.09e+12 	,True 	,-2.5e+01 	,5.42e+11 	,True 	,-2.3e+01 
19102051 	,79 	,79 	,2.29e+14 	,1.92e+12 	,True 	,-2.5e+01 	,5.34e+11 	,True 	,-2.3e+01 
19119113 	,84 	,84 	,2.50e+14 	,3.14e+12 	,True 	,-2.5e+01 	,1.90e+11 	,True 	,-2.2e+01 
19119124 	,5 	,5 	,4.80e+14 	,4.04e+12 	,True 	,-2.6e+01 	,2.23e+09 	,True 	,-1.8e+01 
19136797 	,75 	,75 	,1.99e+14 	,1.20e+12 	,True 	,-2.5e+01 	,4.65e+11 	,True 	,-2.3e+01 
19136799 	,6 	,6 	,1.37e+14 	,4.53e+12 	,True 	,-2.7e+01 	,1.35e+10 	,True 	,-2e+01 
19153100 	,94 	,94 	,2.32e+14 	,1.80e+12 	,True 	,-2.5e+01 	,3.68e+11 	,True 	,-2.3e+01 
19153103 	,4 	,4 	,1.07e+14 	,2.25e+12 	,True 	,-2.5e+01 	,3.53e+10 	,True 	,-2.1e+01 
19170433 	,119 	,119 	,3.11e+14 	,1.22e+12 	,True 	,-2.5e+01 	,6.69e+11 	,True 	,-2.4e+01 
19184393 	,76 	,76 	,2.24e+14 	,2.58e+12 	,True 	,-2.5e+01 	,1.92e+11 	,True 	,-2.2e+01 
19184395 	,26 	,26 	,6.43e+14 	,1.03e+13 	,True 	,-2.8e+01 	,1.66e+11 	,True 	,-2.2e+01 
2380812 	,7 	,7 	,1.33e+14 	,4.68e+12 	,True 	,-2.6e+01 	,1.61e+11 	,True 	,-2.2e+01 
19211783 	,79 	,79 	,2.42e+14 	,2.64e+12 	,True 	,-2.5e+01 	,1.62e+11 	,True 	,-2.2e+01 
19230547 	,87 	,87 	,2.42e+14 	,2.80e+12 	,True 	,-2.5e+01 	,7.10e+10 	,True 	,-2.2e+01 
19246529 	,88 	,88 	,2.50e+14 	,1.65e+12 	,True 	,-2.5e+01 	,7.22e+11 	,True 	,-2.4e+01 
19262770 	,99 	,99 	,2.64e+14 	,2.48e+12 	,True 	,-2.5e+01 	,3.96e+11 	,True 	,-2.3e+01 
19277552 	,85 	,85 	,2.13e+14 	,1.82e+12 	,True 	,-2.5e+01 	,9.80e+10 	,True 	,-2.2e+01 
19277554 	,8 	,8 	,1.39e+14 	,3.28e+12 	,True 	,-2.6e+01 	,2.61e+10 	,True 	,-2.1e+01 
19277572 	,2 	,2 	,1.74e+14 	,3.98e+12 	,True 	,-2.6e+01 	,2.32e+12 	,True 	,-2.5e+01 
19296435 	,86 	,86 	,2.23e+14 	,1.38e+12 	,True 	,-2.5e+01 	,5.98e+11 	,True 	,-2.4e+01 
19296436 	,15 	,15 	,3.28e+14 	,7.11e+12 	,True 	,-2.7e+01 	,9.44e+09 	,True 	,-2e+01 
19313671 	,84 	,84 	,2.35e+14 	,2.43e+12 	,True 	,-2.5e+01 	,2.05e+11 	,True 	,-2.3e+01 
19327357 	,97 	,97 	,2.23e+14 	,1.73e+12 	,True 	,-2.5e+01 	,1.52e+11 	,True 	,-2.2e+01 
19327376 	,1 	,1 	,1.50e+14 	,5.00e+12 	,True 	,-2.6e+01 	,6.25e+09 	,True 	,-1.9e+01 
19340302 	,50 	,50 	,2.11e+14 	,2.92e+12 	,True 	,-2.5e+01 	,7.14e+10 	,True 	,-2.2e+01 
19340304 	,13 	,13 	,1.30e+14 	,3.47e+12 	,True 	,-2.6e+01 	,1.56e+11 	,True 	,-2.2e+01 
19357750 	,68 	,68 	,2.17e+14 	,2.14e+12 	,True 	,-2.5e+01 	,1.99e+11 	,True 	,-2.3e+01 
19372389 	,79 	,79 	,2.06e+14 	,1.73e+12 	,True 	,-2.5e+01 	,2.40e+11 	,True 	,-2.2e+01 
19389199 	,73 	,73 	,2.00e+14 	,1.21e+12 	,True 	,-2.5e+01 	,5.71e+11 	,True 	,-2.4e+01 
19402069 	,77 	,77 	,2.02e+14 	,1.60e+12 	,True 	,-2.5e+01 	,1.48e+11 	,True 	,-2.2e+01 
19402078 	,6 	,6 	,1.37e+14 	,1.70e+12 	,True 	,-2.5e+01 	,1.96e+10 	,True 	,-2.1e+01 
19416927 	,88 	,88 	,2.23e+14 	,1.05e+12 	,True 	,-2.5e+01 	,6.70e+11 	,True 	,-2.4e+01 
19429412 	,76 	,76 	,1.82e+14 	,1.08e+12 	,True 	,-2.4e+01 	,6.42e+11 	,True 	,-2.4e+01 
19441351 	,59 	,59 	,2.04e+14 	,1.94e+12 	,True 	,-2.5e+01 	,2.83e+11 	,True 	,-2.3e+01 
2507618 	,648 	,648 	,2.09e+15 	,1.04e+13 	,True 	,-2.7e+01 	,3.36e+11 	,True 	,-2.3e+01 
2507619 	,52 	,52 	,2.89e+14 	,2.71e+12 	,True 	,-2.5e+01 	,3.38e+11 	,True 	,-2.3e+01 
2507620 	,25 	,25 	,1.28e+14 	,2.20e+12 	,True 	,-2.5e+01 	,3.25e+10 	,True 	,-2.1e+01 
2507624 	,22 	,22 	,1.29e+14 	,1.90e+12 	,True 	,-2.5e+01 	,6.85e+10 	,True 	,-2.1e+01 
2637623 	,565 	,565 	,1.60e+15 	,1.21e+13 	,True 	,-2.7e+01 	,5.50e+11 	,True 	,-2.4e+01 
252455 	,903 	,903 	,2.52e+15 	,1.13e+13 	,True 	,-2.7e+01 	,1.91e+12 	,True 	,-2.5e+01 
252456 	,78 	,78 	,2.54e+14 	,2.39e+12 	,True 	,-2.6e+01 	,1.25e+11 	,True 	,-2.2e+01 
2771226 	,574 	,574 	,1.56e+15 	,7.85e+12 	,True 	,-2.6e+01 	,1.10e+12 	,True 	,-2.4e+01 
2771227 	,44 	,44 	,2.62e+14 	,4.83e+12 	,True 	,-2.6e+01 	,1.19e+11 	,True 	,-2.2e+01 
2771228 	,31 	,31 	,1.29e+14 	,1.71e+12 	,True 	,-2.5e+01 	,6.85e+10 	,True 	,-2.1e+01 
252457 	,26 	,26 	,1.73e+14 	,2.88e+12 	,True 	,-2.5e+01 	,2.46e+11 	,True 	,-2.3e+01 
2771232 	,17 	,17 	,1.17e+14 	,1.57e+12 	,True 	,-2.5e+01 	,7.44e+11 	,True 	,-2.4e+01 
2771237 	,9 	,9 	,2.41e+14 	,6.97e+12 	,True 	,-2.6e+01 	,4.35e+10 	,True 	,-2e+01 
252458 	,35 	,35 	,1.34e+14 	,2.16e+12 	,True 	,-2.5e+01 	,2.48e+10 	,True 	,-2.1e+01 
252459 	,43 	,43 	,5.81e+14 	,1.05e+13 	,True 	,-2.7e+01 	,7.05e+10 	,True 	,-2.2e+01 
2892630 	,638 	,638 	,1.92e+15 	,9.82e+12 	,True 	,-2.7e+01 	,6.54e+11 	,True 	,-2.4e+01 
2892632 	,31 	,31 	,1.12e+14 	,1.95e+12 	,True 	,-2.5e+01 	,1.51e+11 	,True 	,-2.2e+01 
2892634 	,38 	,38 	,9.85e+14 	,9.29e+12 	,True 	,-2.7e+01 	,7.84e+10 	,True 	,-2.1e+01 
2892635 	,20 	,20 	,1.70e+14 	,3.47e+12 	,True 	,-2.6e+01 	,7.11e+10 	,True 	,-2.2e+01 
252460 	,42 	,42 	,5.77e+14 	,3.83e+12 	,True 	,-2.6e+01 	,6.08e+10 	,True 	,-2.2e+01 
252462 	,27 	,27 	,1.05e+14 	,1.24e+12 	,True 	,-2.4e+01 	,6.13e+10 	,True 	,-2.1e+01 
3020669 	,652 	,652 	,1.75e+15 	,1.07e+13 	,True 	,-2.7e+01 	,1.88e+12 	,True 	,-2.5e+01 
3020670 	,92 	,92 	,6.58e+14 	,5.51e+12 	,True 	,-2.6e+01 	,4.22e+11 	,True 	,-2.3e+01 
3020682 	,12 	,12 	,2.10e+14 	,4.01e+11 	,True 	,-2.3e+01 	,1.25e+10 	,True 	,-2e+01 
3135769 	,637 	,637 	,1.57e+15 	,7.82e+12 	,True 	,-2.7e+01 	,1.19e+12 	,True 	,-2.4e+01 
3135770 	,55 	,55 	,1.24e+14 	,1.14e+12 	,True 	,-2.4e+01 	,1.82e+11 	,True 	,-2.2e+01 
3135771 	,30 	,30 	,1.43e+14 	,3.61e+12 	,True 	,-2.6e+01 	,4.79e+10 	,True 	,-2.1e+01 
3238091 	,415 	,415 	,1.22e+15 	,8.73e+12 	,True 	,-2.6e+01 	,5.01e+11 	,True 	,-2.3e+01 
3238096 	,9 	,9 	,1.43e+14 	,5.21e+12 	,True 	,-2.6e+01 	,1.15e+10 	,True 	,-2e+01 
3343359 	,626 	,626 	,1.87e+15 	,1.18e+13 	,True 	,-2.7e+01 	,7.50e+11 	,True 	,-2.4e+01 
3343360 	,56 	,56 	,1.02e+15 	,3.38e+12 	,True 	,-2.6e+01 	,5.03e+11 	,True 	,-2.3e+01 
3343362 	,26 	,26 	,1.14e+14 	,8.18e+11 	,True 	,-2.4e+01 	,2.85e+11 	,True 	,-2.3e+01 
3343467 	,2 	,2 	,1.03e+14 	,2.29e+11 	,True 	,-2.3e+01 	,2.24e+12 	,True 	,-2.5e+01 
3457081 	,578 	,578 	,1.70e+15 	,9.75e+12 	,True 	,-2.7e+01 	,7.14e+11 	,True 	,-2.4e+01 
3457082 	,43 	,43 	,2.75e+14 	,5.74e+12 	,True 	,-2.6e+01 	,1.40e+11 	,True 	,-2.2e+01 
3556542 	,639 	,639 	,1.76e+15 	,8.13e+12 	,True 	,-2.6e+01 	,2.52e+12 	,True 	,-2.5e+01 
3556543 	,31 	,31 	,1.10e+14 	,1.67e+12 	,True 	,-2.5e+01 	,1.06e+11 	,True 	,-2.2e+01 
3556546 	,16 	,16 	,1.14e+14 	,1.04e+12 	,True 	,-2.4e+01 	,2.17e+11 	,True 	,-2.2e+01 
3656685 	,487 	,487 	,1.35e+15 	,9.97e+12 	,True 	,-2.7e+01 	,8.45e+11 	,True 	,-2.4e+01 
3656694 	,11 	,11 	,5.49e+14 	,8.21e+12 	,True 	,-2.6e+01 	,2.41e+12 	,True 	,-2.5e+01 
3656704 	,5 	,5 	,1.49e+14 	,4.08e+12 	,True 	,-2.6e+01 	,4.00e+10 	,True 	,-2.1e+01 
3758330 	,621 	,621 	,1.62e+15 	,6.72e+12 	,True 	,-2.6e+01 	,1.44e+12 	,True 	,-2.5e+01 
3758331 	,87 	,87 	,4.64e+14 	,3.72e+12 	,True 	,-2.6e+01 	,2.03e+11 	,True 	,-2.2e+01 
3758332 	,56 	,56 	,2.74e+14 	,4.32e+12 	,True 	,-2.6e+01 	,1.33e+11 	,True 	,-2.2e+01 
3758343 	,6 	,6 	,2.59e+14 	,5.79e+12 	,True 	,-2.6e+01 	,3.42e+10 	,True 	,-2.1e+01 
3758345 	,4 	,4 	,1.82e+14 	,7.61e+12 	,True 	,-2.7e+01 	,7.53e+10 	,True 	,-2.1e+01 
3758353 	,2 	,2 	,1.40e+14 	,4.94e+12 	,True 	,-2.6e+01 	,9.79e+08 	,True 	,-1.7e+01 
3863281 	,653 	,653 	,1.74e+15 	,8.20e+12 	,True 	,-2.6e+01 	,2.91e+12 	,True 	,-2.5e+01 
3863282 	,45 	,45 	,3.13e+14 	,5.31e+12 	,True 	,-2.6e+01 	,8.49e+10 	,True 	,-2.1e+01 
3863285 	,14 	,14 	,4.18e+14 	,4.78e+12 	,True 	,-2.6e+01 	,2.58e+10 	,True 	,-2e+01 
3863298 	,3 	,3 	,1.31e+15 	,1.05e+13 	,True 	,-2.7e+01 	,1.38e+09 	,True 	,-1.7e+01 
3960854 	,485 	,485 	,1.25e+15 	,6.35e+12 	,True 	,-2.6e+01 	,8.53e+11 	,True 	,-2.4e+01 
3960855 	,25 	,25 	,2.66e+14 	,2.83e+12 	,True 	,-2.5e+01 	,7.08e+10 	,True 	,-2.1e+01 
3960856 	,23 	,23 	,1.09e+14 	,1.26e+12 	,True 	,-2.4e+01 	,7.29e+10 	,True 	,-2.1e+01 
4054274 	,586 	,586 	,1.64e+15 	,6.50e+12 	,True 	,-2.6e+01 	,3.14e+12 	,True 	,-2.5e+01 
4054275 	,37 	,37 	,2.03e+14 	,2.52e+12 	,True 	,-2.5e+01 	,3.44e+10 	,True 	,-2.1e+01 
4054279 	,18 	,18 	,1.07e+14 	,2.69e+12 	,True 	,-2.6e+01 	,2.04e+11 	,True 	,-2.3e+01 
4054283 	,18 	,18 	,1.52e+14 	,1.98e+12 	,True 	,-2.5e+01 	,9.87e+11 	,True 	,-2.4e+01 
252505 	,5 	,5 	,1.11e+14 	,1.86e+12 	,True 	,-2.6e+01 	,1.21e+12 	,True 	,-2.5e+01 
4054543 	,2 	,2 	,1.50e+14 	,2.76e+12 	,True 	,-2.5e+01 	,7.18e+11 	,True 	,-2.4e+01 
4152102 	,509 	,509 	,1.58e+15 	,1.14e+13 	,True 	,-2.7e+01 	,1.78e+12 	,True 	,-2.5e+01 
4152103 	,72 	,72 	,3.84e+14 	,2.65e+12 	,True 	,-2.5e+01 	,3.06e+11 	,True 	,-2.3e+01 
4152104 	,36 	,36 	,1.33e+14 	,1.78e+12 	,True 	,-2.5e+01 	,2.69e+11 	,True 	,-2.3e+01 
4254230 	,639 	,639 	,1.63e+15 	,6.24e+12 	,True 	,-2.6e+01 	,1.20e+12 	,True 	,-2.4e+01 
4254235 	,39 	,39 	,1.12e+15 	,9.10e+12 	,True 	,-2.6e+01 	,3.24e+11 	,True 	,-2.3e+01 
4254241 	,14 	,14 	,1.23e+14 	,4.76e+12 	,True 	,-2.6e+01 	,4.70e+10 	,True 	,-2.1e+01 
